3.880168951582163572e-04 9.999186992645263672e-01
6.272891163825988770e-01 1.257408399624182493e-09
1.751961112022399902e-01 9.738929867744445801e-01
9.999002218246459961e-01 9.663160443305969238e-01
9.939110279083251953e-01 9.974529147148132324e-01
3.392872586846351624e-02 9.892565011978149414e-01
9.994423985481262207e-01 9.999935626983642578e-01
1.000000000000000000e+00 3.446999835432507098e-05
9.999861717224121094e-01 9.982352256774902344e-01
1.000000000000000000e+00 9.999353885650634766e-01
9.999921321868896484e-01 9.960942864418029785e-01
2.062412995940121618e-08 3.576771101521103446e-10
9.997951388359069824e-01 9.789237380027770996e-01
9.948298335075378418e-03 7.545999665126146283e-07
1.000000000000000000e+00 9.999983310699462891e-01
3.566396981477737427e-02 9.834956526756286621e-01
9.997690320014953613e-01 9.919751286506652832e-01
3.185871541500091553e-01 8.259946703910827637e-01
2.663262486457824707e-01 5.245578289031982422e-01
5.509555339813232422e-04 9.587256908416748047e-01
9.999980926513671875e-01 9.999847412109375000e-01
9.999989271163940430e-01 5.145236718817614019e-05
1.000000000000000000e+00 1.000000000000000000e+00
1.000000000000000000e+00 9.337999671697616577e-02
6.134672164916992188e-01 5.047159269452095032e-03
1.000000000000000000e+00 8.987857960164546967e-03
2.370418906211853027e-01 5.037618279457092285e-01
1.000000000000000000e+00 1.000000000000000000e+00
3.075496124438359402e-08 2.925858825619798154e-05
9.999600648880004883e-01 9.999331235885620117e-01
9.996188879013061523e-01 8.693893391864548903e-07
4.226400554180145264e-01 9.999562501907348633e-01
2.483873384750978630e-10 7.903873666670335751e-10
9.996951818466186523e-01 5.750364661216735840e-01
1.195556187383317592e-08 2.194939588662236929e-04
7.588286418467760086e-03 9.924703836441040039e-01
9.999610185623168945e-01 9.998474121093750000e-01
6.645408272743225098e-01 9.997915625572204590e-01
9.999986886978149414e-01 9.968509078025817871e-01
3.925723319753160467e-07 2.148402522550441063e-08
9.999092817306518555e-01 9.999980926513671875e-01
2.889312207698822021e-01 3.642736077308654785e-01
1.409700198564678431e-04 2.394054676724266528e-10
1.000000000000000000e+00 1.000000000000000000e+00
1.000000000000000000e+00 9.998729228973388672e-01
1.776251643896102905e-01 5.711893439292907715e-01
4.028718452900648117e-03 1.047879413818009198e-05
9.999569654464721680e-01 1.000000000000000000e+00
1.000000000000000000e+00 9.999991655349731445e-01
3.840754507109522820e-04 4.029288618312421022e-07
4.184940962659311481e-07 3.070092934649437666e-04
1.000000000000000000e+00 1.000000000000000000e+00
1.678962108231374373e-10 1.643459313527273480e-06
9.999941587448120117e-01 9.947187900543212891e-01
1.441417474268291699e-08 3.753836708142443968e-08
9.342273621371077752e-09 1.100676563781100015e-10
7.539403438568115234e-02 9.903557300567626953e-01
2.103667839037370868e-06 6.133894657978089526e-06
9.977346658706665039e-01 2.483704835176467896e-01
9.515367150306701660e-01 1.000000000000000000e+00
8.790611624717712402e-01 1.000000000000000000e+00
5.069563165307044983e-02 9.999407529830932617e-01
7.383823394775390625e-01 9.297844171524047852e-01
9.414542913436889648e-01 6.844551116228103638e-02
1.000000000000000000e+00 7.488621473312377930e-01
9.999898672103881836e-01 9.000048041343688965e-01
1.604989252612654127e-09 4.477756707088609289e-12
9.998703002929687500e-01 9.999953508377075195e-01
1.000000000000000000e+00 1.000000000000000000e+00
9.980553388595581055e-01 9.083576798439025879e-01
9.999740123748779297e-01 6.444651167839765549e-03
2.971951663494110107e-01 1.382334828376770020e-01
4.769707738887518644e-04 1.297859739679552149e-07
5.570845603942871094e-01 1.862544013420119882e-05
9.964048862457275391e-01 8.630064129829406738e-01
1.777682155370712280e-01 2.960963696452267868e-10
5.957404971122741699e-01 2.071467664066517500e-09
1.607434749603271484e-01 1.264955499209463596e-03
1.440465666746604256e-07 2.167419716715812683e-02
9.889105558395385742e-01 6.975040435791015625e-01
1.000000000000000000e+00 1.000000000000000000e+00
9.946742057800292969e-01 9.998821020126342773e-01
5.306475213728845119e-05 4.023589099233504385e-06
5.784693257737671956e-07 5.773637123951402828e-10
9.983323216438293457e-01 9.872423410415649414e-01
9.019480943679809570e-01 9.999116659164428711e-01
2.016498893499374390e-01 1.026058725983602926e-05
9.996138215065002441e-01 9.999933242797851562e-01
1.201857280364038161e-08 3.716975697898305953e-05
9.999992847442626953e-01 9.945846199989318848e-01
9.997591376304626465e-01 9.675927162170410156e-01
2.762406170368194580e-01 9.696857333183288574e-01
9.996293783187866211e-01 1.000000000000000000e+00
1.385605719406157732e-05 6.162565201520919800e-02
1.000000000000000000e+00 9.929480552673339844e-01
1.000000000000000000e+00 9.915865659713745117e-01
1.000000000000000000e+00 1.000000000000000000e+00
4.213614389300346375e-02 1.015952832972288888e-08
1.182839646935462952e-01 2.494245916604995728e-01
9.999936819076538086e-01 1.000000000000000000e+00
1.000000000000000000e+00 9.985722303390502930e-01
9.997101426124572754e-01 1.032527908682823181e-01
1.000000000000000000e+00 1.146938768215477467e-03
2.779838396236300468e-03 9.999988079071044922e-01
1.244994200533255935e-04 1.137200769107948872e-07
9.999765157699584961e-01 1.000000000000000000e+00
9.937951564788818359e-01 2.440195423503155325e-08
9.999415874481201172e-01 9.984998703002929688e-01
1.063653544406406581e-04 1.353109255433082581e-02
1.000000000000000000e+00 9.999639987945556641e-01
3.929875195026397705e-01 4.370718002319335938e-01
1.000000000000000000e+00 1.000000000000000000e+00
5.997106060385704041e-02 1.427735013548314669e-10
1.000000000000000000e+00 9.999994039535522461e-01
9.999938011169433594e-01 1.000000000000000000e+00
9.996842145919799805e-01 9.450818300247192383e-01
9.997972846031188965e-01 9.944888353347778320e-01
9.999703168869018555e-01 9.999902248382568359e-01
9.996259212493896484e-01 2.692578136920928955e-01
9.999697208404541016e-01 3.765986068174242973e-03
8.462561368942260742e-01 9.999996423721313477e-01
1.000000000000000000e+00 1.000000000000000000e+00
9.999979734420776367e-01 3.666462376713752747e-02
9.993820190429687500e-01 9.999648332595825195e-01
1.000000000000000000e+00 9.303470253944396973e-01
7.591837644577026367e-01 1.400431647198274732e-04
9.999575614929199219e-01 9.980687499046325684e-01
9.999996423721313477e-01 1.000000000000000000e+00
9.787977337837219238e-01 1.402702328050509095e-04
5.222616344690322876e-02 1.041299104690551758e-01
6.658851504325866699e-01 1.582268538413700298e-09
9.990148544311523438e-01 9.999920129776000977e-01
9.999831914901733398e-01 9.999461174011230469e-01
9.998444318771362305e-01 9.600289463996887207e-01
9.456825256347656250e-01 9.999417066574096680e-01
5.796109437942504883e-01 9.699257016181945801e-01
9.999940395355224609e-01 1.000000000000000000e+00
9.999405145645141602e-01 9.933111667633056641e-01
9.997588992118835449e-01 9.999928474426269531e-01
9.999992847442626953e-01 1.000000000000000000e+00
3.674736013635993004e-03 9.762936292734281096e-11
1.928969286382198334e-02 1.543689722893759608e-04
3.428857198173318466e-08 8.603073954582214355e-01
9.999718666076660156e-01 9.997076392173767090e-01
4.558125510811805725e-06 9.743657708168029785e-02
1.622609421610832214e-02 1.271595340222120285e-02
1.000000000000000000e+00 9.999760389328002930e-01
4.187023660051636398e-05 2.250178487983589548e-09
3.095692954957485199e-03 2.745033428072929382e-02
1.382035952701698989e-05 1.429198590585656348e-07
6.834010034799575806e-02 9.982039928436279297e-01
9.999992847442626953e-01 1.000000000000000000e+00
9.999816417694091797e-01 9.999462366104125977e-01
9.981780052185058594e-01 6.310526132583618164e-01
1.000000000000000000e+00 1.000000000000000000e+00
9.999927282333374023e-01 9.997102618217468262e-01
4.517033521551638842e-04 9.602034879208076745e-06
2.132027968764305115e-02 1.191253662109375000e-01
9.968696236610412598e-01 3.531891561578959227e-04
2.764222153928130865e-05 9.327105944976210594e-04
3.848887979984283447e-02 2.307186275720596313e-02
3.426244854927062988e-01 1.378274755552411079e-04
3.170340089127421379e-03 2.160471012757625431e-05
8.101399540901184082e-01 6.503062322735786438e-04
2.003336021516588517e-07 2.326411595277022570e-05
9.998026490211486816e-01 1.000000000000000000e+00
5.653156404150649905e-05 2.403950476181915263e-11
9.924288392066955566e-01 9.318267107009887695e-01
9.569801688194274902e-01 9.870504140853881836e-01
8.361160010099411011e-02 5.112155486131086946e-05
1.000000000000000000e+00 9.907273203134536743e-02
4.025888600267535367e-08 9.475391707383096218e-04
1.260430508409626782e-06 1.938391704925379599e-07
9.770560860633850098e-01 9.999412298202514648e-01
1.587248034775257111e-02 5.350242927670478821e-02
1.287053601117804646e-04 9.999195337295532227e-01
2.650158945471048355e-03 3.410032149986363947e-07
1.000000000000000000e+00 9.999703168869018555e-01
3.942805156111717224e-02 3.092425176873803139e-03
9.549553990364074707e-01 6.701508164405822754e-01
5.664834752678871155e-02 9.999848604202270508e-01
8.580518960952758789e-01 9.967671632766723633e-01
9.998916387557983398e-01 1.044307828124146909e-05
6.079990863800048828e-01 7.002307772636413574e-01
1.187652998169141938e-07 1.367207858038455015e-08
9.999985694885253906e-01 1.000000000000000000e+00
1.000000000000000000e+00 5.393177866935729980e-01
1.000000000000000000e+00 1.000000000000000000e+00
4.815915524959564209e-01 1.000000000000000000e+00
9.994652867317199707e-01 9.448090195655822754e-01
3.480659506749361753e-05 8.617581474801294661e-12
2.067534811794757843e-02 1.638209074735641479e-01
9.998546838760375977e-01 9.999977350234985352e-01
9.116077423095703125e-01 7.075515985488891602e-01
1.000000000000000000e+00 2.474862048984505236e-05
1.646121777594089508e-02 4.101368412375450134e-02
1.000000000000000000e+00 9.999347925186157227e-01
9.999992847442626953e-01 1.000000000000000000e+00
1.000000000000000000e+00 1.000000000000000000e+00
3.010249827184452442e-07 4.036329430412433084e-12
8.970100283622741699e-01 7.129107713699340820e-01
5.099427085042407271e-07 1.206925844599027187e-06
3.739316463470458984e-01 1.896399044198915362e-05
9.999330043792724609e-01 1.000000000000000000e+00
9.998449087142944336e-01 9.991139769554138184e-01
6.017805337905883789e-01 1.288704079343006015e-04
9.999986886978149414e-01 1.000000000000000000e+00
9.997486472129821777e-01 2.249364915769547224e-04
6.561349630355834961e-01 2.172579057514667511e-03
3.337544202804565430e-01 1.524088084697723389e-01
6.468105912208557129e-01 4.881286621093750000e-01
9.999978542327880859e-01 1.000000000000000000e+00
1.215489828609861434e-05 4.263460636138916016e-03
9.950091838836669922e-01 1.000000000000000000e+00
1.227899687364697456e-03 9.488599300384521484e-01
1.000000000000000000e+00 1.306460946798324585e-01
9.999972581863403320e-01 2.684822492301464081e-02
9.994800686836242676e-01 7.243578875204548240e-05
3.628410696983337402e-01 2.196577936410903931e-01
9.999971389770507812e-01 9.998655319213867188e-01
7.016723247943446040e-05 8.391877412796020508e-01
9.999909400939941406e-01 9.471772273172973655e-07
2.978403063025325537e-04 6.040794253349304199e-01
9.998954534530639648e-01 9.999982118606567383e-01
9.997674822807312012e-01 9.604139328002929688e-01
3.303430043160915375e-03 3.430185202546454093e-08
4.961531158187426627e-05 2.168839573860168457e-01
9.999989271163940430e-01 9.999996423721313477e-01
6.769328713417053223e-01 9.750013947486877441e-01
9.999297857284545898e-01 9.999986886978149414e-01
2.069669574611410212e-10 2.873989102258889261e-10
3.130993263766868040e-06 7.005595534792519175e-07
1.000000000000000000e+00 9.996109604835510254e-01
1.000000000000000000e+00 9.926774501800537109e-01
7.352699041366577148e-01 9.997027516365051270e-01
5.500304102897644043e-01 1.000000000000000000e+00
3.799596868248045212e-07 5.502690328285098076e-04
1.402540656272321939e-04 1.268661981157492846e-05
3.725512669916497543e-06 7.866347573326493148e-07
9.931727051734924316e-01 1.937244087457656860e-03
9.999392032623291016e-01 9.999973773956298828e-01
1.000000000000000000e+00 1.000000000000000000e+00
9.990347623825073242e-01 4.164615674540073087e-08
1.951163262128829956e-01 3.476114118772244410e-10
4.145255661569535732e-05 9.995447993278503418e-01
5.147882103919982910e-01 9.975578784942626953e-01
9.982559084892272949e-01 1.000000000000000000e+00
9.999949932098388672e-01 9.940521121025085449e-01
1.448386069387197495e-02 1.100916229188442230e-02
8.199433088302612305e-01 7.528345584869384766e-01
9.998625516891479492e-01 9.661228656768798828e-01
9.999992847442626953e-01 9.980700612068176270e-01
1.071646111086010933e-03 7.170300465077161789e-03
8.142478691297583282e-09 2.063219461945209332e-08
1.594201428815722466e-03 9.999979734420776367e-01
9.999219179153442383e-01 8.350540383617044427e-07
6.920305490493774414e-01 2.267213676532264799e-05
9.999976158142089844e-01 1.000000000000000000e+00
8.206267952919006348e-01 2.558389500251223581e-09
9.737896919250488281e-01 4.963660612702369690e-04
9.966579675674438477e-01 9.999769926071166992e-01
1.000000000000000000e+00 9.792122840881347656e-01
9.976283907890319824e-01 9.769641757011413574e-01
9.997065663337707520e-01 9.999965429306030273e-01
1.000000000000000000e+00 9.879342317581176758e-01
4.097599387168884277e-01 9.921265840530395508e-01
1.013816073536872864e-01 9.988883137702941895e-01
1.599597185850143433e-01 4.803685843944549561e-02
8.625715374946594238e-01 3.463131781344941373e-09
9.999865293502807617e-01 9.896556138992309570e-01
9.999363422393798828e-01 9.999982118606567383e-01
1.426794528961181641e-01 2.649309660540666300e-10
9.941928982734680176e-01 2.339080092497169971e-04
9.997666478157043457e-01 9.999374151229858398e-01
9.970037341117858887e-01 7.150857448577880859e-01
9.999529123306274414e-01 1.000000000000000000e+00
4.243499413132667542e-02 1.907924413681030273e-01
2.568872272968292236e-01 1.278123181691626087e-05
6.592878103256225586e-01 6.690307259559631348e-01
4.248096041603588446e-10 8.833500597660304265e-10
1.859232725109905005e-04 8.973145484924316406e-01
1.594874561305914540e-06 5.279726655871286312e-10
9.682809114456176758e-01 9.989101886749267578e-01
9.999982118606567383e-01 9.927839040756225586e-01
1.000000000000000000e+00 4.143807105720043182e-03
9.642034769058227539e-01 8.610935211181640625e-01
3.756670653820037842e-01 3.564615547657012939e-01
9.098397493362426758e-01 8.691348433494567871e-01
9.999940395355224609e-01 1.000000000000000000e+00
9.996225833892822266e-01 9.961140155792236328e-01
5.317164957523345947e-02 2.566601522266864777e-02
1.244861103089078824e-09 1.945011536008678377e-05
1.000000000000000000e+00 1.000000000000000000e+00
6.232709884643554688e-01 3.700196146965026855e-01
8.510493673384189606e-03 2.714332565665245056e-02
2.174573205411434174e-02 1.445422228425741196e-02
7.466093165930942632e-08 1.908562146127223969e-03
9.997031092643737793e-01 9.623084068298339844e-01
9.932641983032226562e-01 9.991216063499450684e-01
1.000000000000000000e+00 9.999990463256835938e-01
9.912338852882385254e-01 7.235593795776367188e-01
1.190911916637560353e-06 3.094444145368413501e-11
1.000438183546066284e-01 1.000000000000000000e+00
1.861492637544870377e-04 9.999768733978271484e-01
9.999996423721313477e-01 1.000000000000000000e+00
3.681016564369201660e-01 9.505712114332709461e-06
9.469250440597534180e-01 9.999259710311889648e-01
9.860453009605407715e-01 1.000000000000000000e+00
3.294336842373013496e-03 4.810672719031572342e-03
1.334212273359298706e-01 5.209453031420707703e-02
9.919845461845397949e-01 9.668520092964172363e-01
1.000000000000000000e+00 6.742804050445556641e-01
1.000000000000000000e+00 9.967748522758483887e-01
1.677839159965515137e-01 4.892792925238609314e-02
3.036089947272557765e-05 1.997220238081354182e-07
9.977157115936279297e-01 1.000000000000000000e+00
9.820921421051025391e-01 9.999561309814453125e-01
8.297732711071148515e-05 9.987283349037170410e-01
1.000000000000000000e+00 9.705433249473571777e-01
1.525359266452142037e-06 7.236361398099688813e-06
9.995653033256530762e-01 9.999830722808837891e-01
1.383628994226455688e-01 9.999871253967285156e-01
3.646195691544562578e-04 7.220612129044123861e-12
1.695996033959090710e-03 9.999966621398925781e-01
2.336711759198806249e-06 2.532712824176996946e-04
1.000000000000000000e+00 3.040689625777304173e-04
9.842697381973266602e-01 9.996669292449951172e-01
9.859662652015686035e-01 4.330518713686615229e-04
1.000000000000000000e+00 5.600178837776184082e-01
9.998002648353576660e-01 9.999896287918090820e-01
9.999926090240478516e-01 9.999942779541015625e-01
9.909554123878479004e-01 6.570380861603553058e-08
9.982053041458129883e-01 9.490882158279418945e-01
3.859763965010643005e-02 9.977148771286010742e-01
9.999234676361083984e-01 9.925748109817504883e-01
9.999368190765380859e-01 9.988963603973388672e-01
1.000000000000000000e+00 1.000000000000000000e+00
1.930810178407682542e-08 5.080172923044301569e-05
1.046098861843347549e-02 7.817572509338788223e-07
9.999964237213134766e-01 1.000000000000000000e+00
2.221389650003402494e-07 4.405310610309243202e-04
9.999865293502807617e-01 9.999656677246093750e-01
1.000000000000000000e+00 9.999889135360717773e-01
3.174736797809600830e-01 8.476467430591583252e-02
4.598637297749519348e-02 2.176302814405062236e-06
2.133009147087250312e-08 4.251030361057672735e-10
1.000000000000000000e+00 1.747712303767912090e-05
1.064499765634536743e-01 3.424274154895101674e-06
9.993094205856323242e-01 9.999883174896240234e-01
1.000000000000000000e+00 1.000000000000000000e+00
9.999969005584716797e-01 2.243596554762916639e-06
5.874036997556686401e-02 2.216607754235155880e-06
1.000000000000000000e+00 9.986364245414733887e-01
9.999948740005493164e-01 9.995960593223571777e-01
9.979027509689331055e-01 8.446564078330993652e-01
9.988598823547363281e-01 9.999930858612060547e-01
1.957151107490062714e-03 6.054743751883506775e-02
8.089792681857943535e-04 8.579959394410252571e-04
9.929537177085876465e-01 9.999828338623046875e-01
9.998607635498046875e-01 1.000000000000000000e+00
9.091969132423400879e-01 4.627245664596557617e-01
1.887781836558133364e-04 6.864586845040321350e-03
2.107607387006282806e-02 9.963508844375610352e-01
3.396036028861999512e-01 9.995355606079101562e-01
9.924501180648803711e-01 7.380801439285278320e-01
9.999287128448486328e-01 9.956640601158142090e-01
9.999966621398925781e-01 9.999996423721313477e-01
9.999988079071044922e-01 9.983098506927490234e-01
9.999827146530151367e-01 9.992000460624694824e-01
9.999938011169433594e-01 9.999994039535522461e-01
9.999989271163940430e-01 4.482019543647766113e-01
1.602639444172382355e-02 8.111612492811559605e-10
9.999902248382568359e-01 9.988922476768493652e-01
6.877438426017761230e-01 1.152107742541375046e-09
9.999917745590209961e-01 9.919838309288024902e-01
7.132537430152297020e-04 5.866057222192466725e-07
5.557543758527572209e-08 4.978365905117243528e-05
2.530492544174194336e-01 7.437134241783383004e-10
1.093367580324411392e-02 9.777595289051532745e-03
7.159269452095031738e-01 1.879344199551269412e-05
2.879268095057341270e-07 9.967592632165178657e-05
9.953183531761169434e-01 9.088837504386901855e-01
9.999988079071044922e-01 9.801612496376037598e-01
1.000000000000000000e+00 9.999992847442626953e-01
9.998962879180908203e-01 9.994106292724609375e-01
9.939594268798828125e-01 2.978525299113243818e-04
1.000000000000000000e+00 1.000000000000000000e+00
5.743141518905758858e-04 2.016573574792346335e-07
9.999996423721313477e-01 1.000000000000000000e+00
9.194054640829563141e-03 1.544018741697072983e-02
2.427444607019424438e-02 1.292963176965713501e-01
9.989376664161682129e-01 9.999923706054687500e-01
7.305308713512204122e-08 4.340082887210883200e-05
9.326519793830811977e-04 9.353967308998107910e-01
7.759552448987960815e-03 1.652481220662593842e-02
8.655638433992862701e-03 7.149602652134490199e-07
9.363799095153808594e-01 9.983801841735839844e-01
6.032419204711914062e-01 1.000000000000000000e+00
1.591243594884872437e-01 7.319461019505979493e-06
9.089212227308962611e-08 1.921276088978629559e-05
3.902624712281976826e-07 1.014696977108542342e-06
9.932112693786621094e-01 9.545625448226928711e-01
9.384553879499435425e-02 3.368713334202766418e-02
2.481179990354576148e-07 2.267303216285654344e-07
1.000000000000000000e+00 1.000000000000000000e+00
9.752046465873718262e-01 9.401189684867858887e-01
5.581110119819641113e-01 9.066866701878950607e-10
9.582053869962692261e-03 8.402881803704076447e-07
9.991662502288818359e-01 7.369075901806354523e-03
9.999972581863403320e-01 9.999634027481079102e-01
2.504187023077975027e-06 9.654905796051025391e-01
2.831557067111134529e-04 1.446627817536239036e-09
7.940413430333137512e-03 5.068272948265075684e-01
7.976973652839660645e-01 3.807691335678100586e-01
9.756479263305664062e-01 1.000000000000000000e+00
3.798423111438751221e-01 9.993415474891662598e-01
4.272380138559128682e-08 3.818055871462888717e-10
9.960304945707321167e-02 9.523274898529052734e-01
1.109447311797850944e-09 1.133160565380819662e-09
8.967679738998413086e-01 6.430071592330932617e-01
9.987118244171142578e-01 8.651725053787231445e-01
8.452757261693477631e-03 1.627690759953281940e-10
9.885926246643066406e-01 9.319297075271606445e-01
9.660535454750061035e-01 1.000000000000000000e+00
7.812481489963829517e-04 9.999899864196777344e-01
1.379543635994195938e-02 3.587285464163869619e-04
3.632314910646528006e-04 2.017334103584289551e-01
9.999990463256835938e-01 9.041489362716674805e-01
1.983134461625013500e-05 2.962744096294045448e-03
9.064745245268568397e-05 1.205366243084426969e-05
9.999972581863403320e-01 9.973897337913513184e-01
9.686937332153320312e-01 9.999469518661499023e-01
7.304534912109375000e-01 9.998249411582946777e-01
3.124824762344360352e-01 5.263748881212393371e-10
1.000000000000000000e+00 9.999994039535522461e-01
9.997193217277526855e-01 9.999973773956298828e-01
5.491745469043962657e-06 3.032039967365562916e-04
9.999970197677612305e-01 1.000000000000000000e+00
1.101130172610282898e-01 4.253150150179862976e-02
5.469103455543518066e-01 9.430067393623176031e-09
3.168872594833374023e-01 1.554148197174072266e-01
2.163609676063060760e-02 1.748470822349190712e-05
9.996020197868347168e-01 9.928627610206604004e-01
1.845306687755510211e-04 9.993946552276611328e-01
9.999967813491821289e-01 1.000000000000000000e+00
9.904198050498962402e-01 9.917404651641845703e-01
9.996862411499023438e-01 1.000000000000000000e+00
1.000000000000000000e+00 9.867734909057617188e-01
2.975508198142051697e-02 6.488807002824614756e-08
1.000000000000000000e+00 9.725272655487060547e-01
9.999368190765380859e-01 2.041722382273292169e-07
8.692557923495769501e-03 4.191703628748655319e-03
2.035891957348212600e-04 6.874666810035705566e-01
7.458068430423736572e-02 3.800923423113999888e-06
9.990835189819335938e-01 9.999399185180664062e-01
9.165475368499755859e-01 2.117419306557621894e-08
9.865314364433288574e-01 1.156433951109647751e-03
4.442067444324493408e-01 9.952419996261596680e-01
8.294631242752075195e-01 2.643519267439842224e-02
9.902616143226623535e-01 1.000000000000000000e+00
7.487699389457702637e-01 6.555489897727966309e-01
9.965083003044128418e-01 9.498687386512756348e-01
1.724418252706527710e-01 5.646731437991547864e-08
9.999520778656005859e-01 9.725189208984375000e-01
3.327623926452361047e-05 1.218603923916816711e-01
5.260218381881713867e-01 9.401961565017700195e-01
2.243683785200119019e-01 8.498804569244384766e-01
9.948757290840148926e-01 3.669388534035533667e-04
1.940221786499023438e-01 3.327247453853487968e-03
9.505359530448913574e-01 1.000000000000000000e+00
8.919079303741455078e-01 5.987158417701721191e-01
8.779813356341037434e-07 3.193015019054001868e-10
9.933030605316162109e-01 1.000000000000000000e+00
9.999951124191284180e-01 9.943122863769531250e-01
1.328966163782752119e-06 3.265673842456351395e-11
9.992343187332153320e-01 9.938080906867980957e-01
1.000000000000000000e+00 1.000000000000000000e+00
6.988666057586669922e-01 1.611373591003939509e-04
9.832279682159423828e-01 7.365335822105407715e-01
9.844800829887390137e-01 9.580192565917968750e-01
5.003116143598163035e-09 4.740998893976211548e-02
3.602584456530166790e-06 9.258387088775634766e-01
6.374195683747529984e-03 2.735320711508393288e-03
1.540477946400642395e-02 5.643212422728538513e-02
9.999995231628417969e-01 9.985858201980590820e-01
9.954246878623962402e-01 9.124804735183715820e-01
7.640337105840444565e-03 9.999985694885253906e-01
9.999564886093139648e-01 1.397272851318120956e-02
9.999958276748657227e-01 9.999967813491821289e-01
9.807578325271606445e-01 1.304021690629042496e-08
2.494851969458977692e-07 9.230518937110900879e-01
1.253390014171600342e-01 4.214562865367810218e-10
9.999277591705322266e-01 9.918232560157775879e-01
9.996311664581298828e-01 9.874208569526672363e-01
5.529409050941467285e-01 1.000000000000000000e+00
9.997146725654602051e-01 1.000000000000000000e+00
1.592408693795732688e-08 2.215774916112422943e-02
9.730761051177978516e-01 9.106712968787178397e-05
2.089112997055053711e-02 2.751018386334180832e-03
1.000000000000000000e+00 1.000000000000000000e+00
1.467833667993545532e-02 1.338864841216036439e-08
1.000000000000000000e+00 1.000000000000000000e+00
9.999984502792358398e-01 4.359494149684906006e-02
9.964004755020141602e-01 9.999867677688598633e-01
9.998952150344848633e-01 1.000000000000000000e+00
3.531962335109710693e-01 9.350992441177368164e-01
9.999994039535522461e-01 9.482159018516540527e-01
9.758519530296325684e-01 1.071824584641944966e-08
2.672188202268444002e-06 1.851440667444137489e-09
1.546099036931991577e-02 6.470790570034523626e-11
1.000000000000000000e+00 6.184719386510550976e-04
1.950121619742617440e-09 7.161962400914489990e-08
9.999854564666748047e-01 9.992774128913879395e-01
9.938544034957885742e-01 9.755388498306274414e-01
9.999927282333374023e-01 9.961324930191040039e-01
9.999959468841552734e-01 9.999982118606567383e-01
9.999941587448120117e-01 9.994756579399108887e-01
4.789929986000061035e-01 3.018579818308353424e-02
9.982722997665405273e-01 9.999805688858032227e-01
9.999980926513671875e-01 1.518786698579788208e-01
9.999994039535522461e-01 1.581135256856214255e-05
9.999852180480957031e-01 9.999995231628417969e-01
1.318280845880508423e-01 9.979786276817321777e-01
1.804841787134137121e-08 2.113763374403387907e-12
1.907338591990992427e-04 8.959090709686279297e-01
9.999389648437500000e-01 9.759549498558044434e-01
9.574654698371887207e-01 6.805773591622710228e-05
2.070820628432556987e-04 9.062768868695059155e-10
6.296331062912940979e-03 4.237719476222991943e-01
9.999827146530151367e-01 1.000000000000000000e+00
1.000000000000000000e+00 1.000000000000000000e+00
2.641488425433635712e-02 8.086979505605995655e-05
9.753149747848510742e-01 4.154209163971245289e-04
1.000000000000000000e+00 3.101529479026794434e-01
2.160209696739912033e-03 7.820505648851394653e-03
9.992979764938354492e-01 9.999896287918090820e-01
1.093486616809968837e-06 3.440220837092056172e-07
9.999678134918212891e-01 9.892617464065551758e-01
9.553146958351135254e-01 2.081230832118308172e-08
1.670100726187229156e-03 1.757365794219367672e-06
7.909760461188852787e-05 1.675387466093525290e-05
2.206109929829835892e-04 9.998573064804077148e-01
1.586312055587768555e-02 7.453460057149641216e-06
8.837300352752208710e-03 3.450453034403722086e-09
2.192866522818803787e-04 6.971046104808920063e-07
9.980849027633666992e-01 4.630136245395988226e-04
8.679915666580200195e-01 5.406958007370121777e-05
6.477501392364501953e-01 9.766468405723571777e-01
1.408465579152107239e-02 2.184950560331344604e-02
9.832997918128967285e-01 8.390991091728210449e-01
5.270512700080871582e-01 1.260972437577834171e-09
9.972646236419677734e-01 9.992187023162841797e-01
2.304239821171449876e-08 1.596011842651401391e-12
6.773968227207660675e-03 9.999995231628417969e-01
1.096075138775631785e-04 3.247505389603055903e-11
1.000000000000000000e+00 1.603782729944214225e-04
1.090693026781082153e-01 3.984066098928451538e-02
1.563798822462558746e-02 2.418751865625381470e-01
9.999996423721313477e-01 9.570438265800476074e-01
1.000000000000000000e+00 1.000000000000000000e+00
1.683735996484756470e-01 3.061832176687317997e-10
4.595564678311347961e-03 1.059106011780386325e-06
9.998610019683837891e-01 9.970571994781494141e-01
1.000000000000000000e+00 1.000000000000000000e+00
9.999990463256835938e-01 9.999909400939941406e-01
9.999361038208007812e-01 6.513257976621389389e-03
7.731096744537353516e-01 1.000000000000000000e+00
1.000000000000000000e+00 9.999942779541015625e-01
1.000000000000000000e+00 9.999965429306030273e-01
1.210481743328273296e-03 1.507568958913907409e-04
9.999938011169433594e-01 9.999915361404418945e-01
2.715889811515808105e-01 8.494033478200435638e-03
9.995760321617126465e-01 9.945772886276245117e-01
1.000000000000000000e+00 1.000000000000000000e+00
9.998762607574462891e-01 5.228137597441673279e-04
4.027877002954483032e-03 8.040467277169227600e-03
2.771883644163608551e-02 1.361671835184097290e-01
2.714282600209116936e-04 1.149185521048812220e-11
9.999989271163940430e-01 9.999976158142089844e-01
9.962711334228515625e-01 9.810732603073120117e-01
1.449163974029943347e-04 5.927028905716724694e-05
9.999991655349731445e-01 9.980322718620300293e-01
1.018202528357505798e-01 7.410739799595944532e-10
2.550149559974670410e-01 9.824570268392562866e-02
1.781432516872882843e-02 9.806098341941833496e-01
9.999996423721313477e-01 9.997978806495666504e-01
1.000000000000000000e+00 9.994113445281982422e-01
1.000000000000000000e+00 1.000000000000000000e+00
9.999996423721313477e-01 1.000000000000000000e+00
2.379965008003637195e-05 1.528009306639432907e-05
4.034178853034973145e-01 1.014275625348091125e-01
2.237092267023399472e-04 9.995812773704528809e-01
9.592493772506713867e-01 9.981726408004760742e-01
9.999933242797851562e-01 1.000000000000000000e+00
2.671788446605205536e-02 1.356071344105203025e-08
9.129841327667236328e-01 5.236538648605346680e-01
1.000000000000000000e+00 9.955036044120788574e-01
9.999619722366333008e-01 9.981403350830078125e-01
8.066376904025673866e-04 3.952108613702876028e-07
3.222877567168325186e-04 2.120918480841282872e-07
2.748310267925262451e-01 3.246135115623474121e-01
9.999809265136718750e-01 7.423253357410430908e-02
9.999468326568603516e-01 2.114621383952908218e-05
9.984313845634460449e-01 9.999920129776000977e-01
4.891747608780860901e-03 6.173077505081892014e-03
1.000000000000000000e+00 9.999779462814331055e-01
1.041268187691457570e-04 9.636990725994110107e-02
1.610840072441277471e-10 2.411342165942187421e-06
4.618301521986722946e-03 3.559082746505737305e-02
9.995520710945129395e-01 9.999932050704956055e-01
1.000000000000000000e+00 1.000000000000000000e+00
3.128663077950477600e-02 2.155533593395375647e-06
9.999995231628417969e-01 5.873441100120544434e-01
2.820574422912613954e-07 9.894014000892639160e-01
1.000000000000000000e+00 9.990866184234619141e-01
9.945957064628601074e-01 9.999833106994628906e-01
9.970266222953796387e-01 9.998817443847656250e-01
6.503422046080231667e-04 1.864753837454991015e-11
1.025456876959651709e-04 5.043516011937754229e-06
2.478055804999712564e-08 2.678607700090651633e-07
1.821431368589401245e-01 7.300978153944015503e-02
3.740424872376024723e-04 6.923119855173354154e-10
7.386158704757690430e-01 7.352622151374816895e-01
9.991405010223388672e-01 4.539032971706546959e-08
9.997738003730773926e-01 9.807351375457074028e-08
3.487903997302055359e-02 2.676250915101263672e-06
9.995146989822387695e-01 9.207150340080261230e-01
9.917618036270141602e-01 9.000766277313232422e-01
9.837963618338108063e-03 9.999996423721313477e-01
2.824358234647661448e-04 6.665103455816279165e-07
9.997319579124450684e-01 9.937164187431335449e-01
5.219145212322473526e-03 9.997720122337341309e-01
9.999008178710937500e-01 4.672206996474415064e-04
8.152920007705688477e-01 9.996211528778076172e-01
1.000000000000000000e+00 1.000000000000000000e+00
9.974268078804016113e-01 9.999721050262451172e-01
9.999458789825439453e-01 9.996609687805175781e-01
2.548250995459966362e-05 1.128248870372772217e-01
9.989197254180908203e-01 1.000000000000000000e+00
9.992915391921997070e-01 9.999889135360717773e-01
1.000000000000000000e+00 9.999729394912719727e-01
3.005489998031407595e-04 4.621537809725850821e-04
9.999924898147583008e-01 9.954985380172729492e-01
7.797191739082336426e-01 7.725046873092651367e-01
4.375318530946969986e-03 6.273060080275172368e-07
9.999841451644897461e-01 9.999988079071044922e-01
6.816315650939941406e-01 9.995251893997192383e-01
9.827582240104675293e-01 9.999520778656005859e-01
9.999995231628417969e-01 9.994471669197082520e-01
4.391395952552556992e-03 6.308904290199279785e-02
9.681095480918884277e-01 1.000000000000000000e+00
9.999973773956298828e-01 9.998337030410766602e-01
9.977045655250549316e-01 1.000000000000000000e+00
7.165807573983329348e-07 4.680157985603727866e-07
4.813971372641390190e-06 6.066960850148461759e-06
9.982351064682006836e-01 9.507974386215209961e-01
9.999890327453613281e-01 9.991489648818969727e-01
9.999938011169433594e-01 9.999942779541015625e-01
9.999912977218627930e-01 9.999984502792358398e-01
9.615259170532226562e-01 6.616157945245504379e-03
9.999917745590209961e-01 8.988507033791393042e-05
5.364640355110168457e-01 1.000000000000000000e+00
1.000000000000000000e+00 1.000000000000000000e+00
1.000000000000000000e+00 9.297832846641540527e-01
1.085678581148386002e-03 9.598060846328735352e-01
9.999421834945678711e-01 9.998399019241333008e-01
9.992227554321289062e-01 1.324113236478297040e-05
1.781813502311706543e-01 2.024924010038375854e-01
9.227726459503173828e-01 9.996680021286010742e-01
1.000000000000000000e+00 9.999983310699462891e-01
4.320826974435476586e-06 6.829499006271362305e-01
3.093412087764590979e-04 3.681410589706501924e-07
9.999903440475463867e-01 1.000000000000000000e+00
2.668546699169382919e-07 1.444188001187285408e-05
9.681038260459899902e-01 9.945863485336303711e-01
9.999864101409912109e-01 9.998014569282531738e-01
8.766632527112960815e-03 5.190514922142028809e-01
9.999796152114868164e-01 9.987587928771972656e-01
1.041895477101206779e-03 9.798195605981163681e-07
3.667521178722381592e-01 9.992755055427551270e-01
1.000000000000000000e+00 9.939032196998596191e-01
9.929956793785095215e-01 9.369011968374252319e-03
4.451832680274492304e-09 1.872087901366725760e-11
1.310539391852216795e-05 5.722230998799204826e-04
4.128053188323974609e-01 1.281094155274331570e-04
1.369622964375594165e-06 1.273045739935696474e-07
1.000000000000000000e+00 9.999289512634277344e-01
9.999977350234985352e-01 3.613017126917839050e-02
1.000000000000000000e+00 2.575268263171892613e-05
5.782150030136108398e-01 1.000000000000000000e+00
9.999961853027343750e-01 8.510261178016662598e-01
9.999871253967285156e-01 4.869816079735755920e-02
9.772746167868717748e-09 1.203219746059858153e-08
1.000000000000000000e+00 5.609360933303833008e-01
1.000000000000000000e+00 1.000000000000000000e+00
1.950176738318987191e-05 4.514926299452781677e-02
5.423963739303871989e-05 1.200761516884085722e-07
7.616171240806579590e-01 1.821822581682397413e-09
9.994093179702758789e-01 9.931038022041320801e-01
9.999982118606567383e-01 9.979040622711181641e-01
1.144281486631371081e-04 2.884445677864277968e-07
9.994409680366516113e-01 7.761894259601831436e-03
2.019392326474189758e-03 1.619234867393970490e-02
1.000000000000000000e+00 1.000000000000000000e+00
1.040921360254287720e-02 7.556064107738791336e-11
9.992460012435913086e-01 9.102206230163574219e-01
8.128497938741929829e-06 4.198434908175840974e-06
9.999920129776000977e-01 9.999992847442626953e-01
1.000000000000000000e+00 9.999663829803466797e-01
1.000000000000000000e+00 9.999992847442626953e-01
7.889609932899475098e-01 9.980247020721435547e-01
7.000456452369689941e-01 1.787181198596954346e-01
9.999996423721313477e-01 4.361799657344818115e-01
1.852671448432374746e-05 3.772034915527910925e-07
1.224019331857562065e-03 3.247005793127755169e-07
3.556590399966808036e-08 1.984685304989852739e-09
9.981241822242736816e-01 9.922830462455749512e-01
1.000000000000000000e+00 5.073050856590270996e-01
4.377554655075073242e-01 4.282372234598597061e-09
9.831787347793579102e-01 5.897877216339111328e-01
8.813493934667349095e-09 2.683641286624349753e-12
2.774969637393951416e-01 4.136373743524046631e-10
1.000000000000000000e+00 9.999946355819702148e-01
9.999777078628540039e-01 9.946162104606628418e-01
2.968664921354502439e-04 3.964308916692971252e-07
2.584388084869715385e-06 1.523448389662007685e-08
3.176555037498474121e-01 4.595400969265028834e-05
1.157748192781582475e-05 2.163721219403669238e-04
9.886869192123413086e-01 1.513363095000386238e-04
9.613777995109558105e-01 4.616005718708038330e-01
5.440143942832946777e-01 1.279276013374328613e-01
3.266311523475451395e-07 1.549355695823484425e-12
1.000000000000000000e+00 9.999984502792358398e-01
9.835611581802368164e-01 9.998365640640258789e-01
1.324632759036603602e-08 6.280688859619520947e-13
9.999630451202392578e-01 9.961049556732177734e-01
2.934454940259456635e-03 8.600841283623594791e-06
8.493028283119201660e-01 1.000000000000000000e+00
9.695502519607543945e-01 9.999064207077026367e-01
2.433749586343765259e-01 3.803645968437194824e-01
7.954133152961730957e-01 4.948348214384168386e-05
1.762227657309267670e-05 1.397426770653742434e-12
2.490801736712455750e-03 9.446370005607604980e-01
4.574437439441680908e-02 7.071243226528167725e-02
9.999921321868896484e-01 9.999991655349731445e-01
1.370966515423788223e-06 1.017089560627937317e-02
3.311293710339668905e-07 4.228318650073559226e-12
1.066211424767971039e-02 4.408177454024553299e-03
9.720589518547058105e-01 9.982847571372985840e-01
1.000000000000000000e+00 9.999597072601318359e-01
5.464978166855871677e-04 3.717573235917370766e-07
9.131355881690979004e-01 2.924660735814654799e-09
1.000000000000000000e+00 8.458859520033001900e-04
7.658614720185141778e-08 2.911352794399135746e-07
1.318812463432550430e-02 1.000000000000000000e+00
6.806161999702453613e-01 9.999996423721313477e-01
7.818969488143920898e-01 1.529322557480838896e-09
7.906441390514373779e-02 1.093192771077156067e-01
9.998627901077270508e-01 9.999966621398925781e-01
4.802921786904335022e-03 8.208914846181869507e-02
4.316164314843717875e-09 2.597434267670450936e-09
8.345367908477783203e-01 2.830611265380866826e-05
9.470805525779724121e-01 9.986591339111328125e-01
9.996662139892578125e-01 9.995947480201721191e-01
9.993290901184082031e-01 2.992483321577310562e-03
1.575562916696071625e-02 9.947592616081237793e-01
1.177229918539524078e-02 3.365976363420486450e-02
1.919011003337800503e-03 6.982798222452402115e-03
2.457879483699798584e-01 1.946018934249877930e-01
1.742246747016906738e-02 2.866086177527904510e-02
1.147767156362533569e-02 9.609161876142024994e-03
7.361677475273609161e-03 1.052152438205666840e-04
9.919735193252563477e-01 1.227622981048170914e-08
5.449119210243225098e-01 9.981313347816467285e-01
4.313434064388275146e-01 1.021853312849998474e-01
9.999942779541015625e-01 8.594604134559631348e-01
8.429244189755991101e-06 5.264627275791688987e-12
2.658863922988530248e-05 6.066492199897766113e-01
1.745624118484556675e-03 2.540697343647480011e-02
9.824140071868896484e-01 6.081500053405761719e-01
1.642496557906270027e-03 8.277918212115764618e-03
9.458142518997192383e-01 1.000000000000000000e+00
9.842563271522521973e-01 3.388871671631932259e-03
1.000000000000000000e+00 1.000000000000000000e+00
9.853608012199401855e-01 1.000000000000000000e+00
9.999974966049194336e-01 9.375280141830444336e-01
9.998532533645629883e-01 9.999977350234985352e-01
9.723007096908986568e-04 5.905131938988006368e-11
9.999994039535522461e-01 1.000000000000000000e+00
5.181290907785296440e-04 5.560600244147728688e-11
7.578109507448971272e-04 1.297918174714141060e-06
9.999989271163940430e-01 9.977555871009826660e-01
3.177124261856079102e-02 5.971575900912284851e-02
9.998513460159301758e-01 1.000000000000000000e+00
9.773821234703063965e-01 9.999655485153198242e-01
1.000000000000000000e+00 1.000000000000000000e+00
1.000000000000000000e+00 1.000000000000000000e+00
9.805192351341247559e-01 2.987238694913685322e-04
9.996935129165649414e-01 1.000000000000000000e+00
9.983929991722106934e-01 4.709539061877876520e-04
9.946039319038391113e-01 3.687092976178973913e-04
9.989226460456848145e-01 6.524915224872529507e-04
9.999995231628417969e-01 8.167300256900489330e-05
5.524903372133849189e-06 5.894230678677558899e-03
9.818874597549438477e-01 5.865010023117065430e-01
9.999356269836425781e-01 9.999538660049438477e-01
9.999996423721313477e-01 1.000000000000000000e+00
2.330403370276457053e-10 2.067376304870638393e-11
1.000000000000000000e+00 9.793994426727294922e-01
8.003754615783691406e-01 9.499272704124450684e-01
1.833266469475347549e-05 9.891977906227111816e-01
1.000000000000000000e+00 9.996035695075988770e-01
2.933206587840686552e-06 5.289288819767534733e-04
1.017799675464630127e-01 3.150684506181278266e-06
8.017155528068542480e-01 2.881556611100677401e-05
9.998220801353454590e-01 1.000000000000000000e+00
3.330296976855606772e-06 9.989225268363952637e-01
9.951064586639404297e-01 9.999850988388061523e-01
9.965176582336425781e-01 8.670154809951782227e-01
8.893405123444608762e-08 2.842080526477275271e-08
3.606038944781175815e-06 4.401757381856441498e-03
2.443034645693842322e-07 1.501501947641372681e-01
9.998713731765747070e-01 9.912283420562744141e-01
2.170011848211288452e-01 6.686796247959136963e-02
1.040594070218503475e-03 1.315493634163056313e-11
6.524368072859942913e-04 5.609816777774057073e-11
1.000000000000000000e+00 1.000000000000000000e+00
3.110916819423437119e-03 9.653322585734258610e-10
9.999719858169555664e-01 9.982296824455261230e-01
1.000000000000000000e+00 4.883876144886016846e-01
1.000000000000000000e+00 1.000000000000000000e+00
9.826801419258117676e-01 1.213517316500656307e-04
8.810985684394836426e-01 1.961013929019372881e-08
3.869387321174144745e-03 1.672130078077316284e-02
1.000000000000000000e+00 9.998911619186401367e-01
1.000000000000000000e+00 3.704325354192405939e-05
1.000000000000000000e+00 9.982701539993286133e-01
4.253335297107696533e-01 8.618742227554321289e-03
7.005742192268371582e-01 9.995967745780944824e-01
9.994420409202575684e-01 1.000000000000000000e+00
9.999943971633911133e-01 9.995536208152770996e-01
3.142886853311210871e-04 3.272745907306671143e-01
9.999519586563110352e-01 7.575446829832799267e-07
9.879530072212219238e-01 1.966507872566580772e-03
2.256133407354354858e-01 2.295535887242294848e-05
8.885876536369323730e-01 4.178543167654424906e-05
9.999920129776000977e-01 9.999996423721313477e-01
1.000000000000000000e+00 3.559810519218444824e-01
1.000000000000000000e+00 9.999969005584716797e-01
8.845402002334594727e-01 3.966426447732374072e-05
1.000000000000000000e+00 1.000000000000000000e+00
2.072403185593429953e-05 5.994295975142449606e-07
3.289370170023175888e-06 1.491354305471759290e-05
2.920614480972290039e-01 8.094735145568847656e-01
9.994290471076965332e-01 9.915185570716857910e-01
1.643046271055936813e-04 3.268318380378332222e-07
9.846248626708984375e-01 1.000000000000000000e+00
9.976105690002441406e-01 9.296567877754569054e-04
4.723538005180216715e-09 2.058022863238306854e-09
9.982948899269104004e-01 4.827165394090116024e-04
9.999879598617553711e-01 1.910592466592788696e-01
9.946013689041137695e-01 9.934520721435546875e-01
9.994207620620727539e-01 9.471228122711181641e-01
9.999845027923583984e-01 9.897500872611999512e-01
1.415574103593826294e-01 2.153890579938888550e-01
9.995849728584289551e-01 1.000000000000000000e+00
1.000000000000000000e+00 9.999988079071044922e-01
6.679707765579223633e-01 9.490978717803955078e-01
2.311986126005649567e-02 5.737274140119552612e-02
1.000000000000000000e+00 1.000000000000000000e+00
9.998217225074768066e-01 7.377828657627105713e-02
8.310127258300781250e-01 2.489644736051559448e-01
9.999153614044189453e-01 9.882488250732421875e-01
7.150653004646301270e-02 3.134287595748901367e-01
2.156081535531484406e-07 1.049410457198973745e-05
7.992138125700876117e-05 6.817652575819010963e-08
9.999967813491821289e-01 9.974167346954345703e-01
1.000000000000000000e+00 1.000000000000000000e+00
9.999918937683105469e-01 9.994143247604370117e-01
8.232001066207885742e-01 2.482332587242126465e-01
1.000000000000000000e+00 3.248082995414733887e-01
1.000000000000000000e+00 9.984053969383239746e-01
8.920164778828620911e-03 8.226861059665679932e-02
3.891220092773437500e-01 1.035550849337596446e-05
7.633985369466245174e-04 5.658759016924364005e-10
9.999983310699462891e-01 9.999955892562866211e-01
2.940110107374493964e-06 2.028599510595086031e-08
7.821373410044074603e-11 1.915521252726648527e-08
1.000000000000000000e+00 1.000000000000000000e+00
9.748723506927490234e-01 9.454872608184814453e-01
1.703957968857139349e-05 4.107659310102462769e-02
9.999560117721557617e-01 2.557842435635393485e-07
9.980651736259460449e-01 1.000000000000000000e+00
1.842283268160826992e-06 1.295179314911365509e-02
1.000000000000000000e+00 1.000000000000000000e+00
9.999995231628417969e-01 9.999980926513671875e-01
9.999547004699707031e-01 7.359697222709655762e-01
9.999996423721313477e-01 9.727461934089660645e-01
7.743328183096309658e-07 1.679067718196591841e-10
1.356134563684463501e-01 9.982075691223144531e-01
1.000000000000000000e+00 1.000000000000000000e+00
8.794520399533212185e-04 8.382218480110168457e-01
1.000000000000000000e+00 9.999945163726806641e-01
9.812417030334472656e-01 7.400482296943664551e-01
9.999991655349731445e-01 9.999984502792358398e-01
1.058097054418283278e-09 1.747714151179025066e-07
5.210700631141662598e-01 2.257047146558761597e-01
9.249116182327270508e-01 1.333135733148083091e-04
2.086476325047215141e-09 6.961465714994119480e-06
9.848605394363403320e-01 1.000000000000000000e+00
2.117239497601985931e-02 1.525422278791666031e-02
4.053656477481126785e-03 1.564952835906296968e-04
1.997047336772084236e-03 9.435716867446899414e-01
1.688703661784529686e-03 7.710623890488932375e-07
9.998811483383178711e-01 9.763782024383544922e-01
9.999879598617553711e-01 9.916649460792541504e-01
9.263467192649841309e-01 3.223195266244260893e-09
9.999985694885253906e-01 1.000000000000000000e+00
8.919960260391235352e-02 6.366925686597824097e-02
9.983988404273986816e-01 1.120185405015945435e-01
9.285818934440612793e-01 3.396927894527834724e-08
7.528244623244972900e-07 3.794750943779945374e-02
9.992502331733703613e-01 1.000000000000000000e+00
4.492662264965474606e-05 2.843281947662035236e-07
1.000000000000000000e+00 1.000000000000000000e+00
9.974070191383361816e-01 1.486967504024505615e-01
9.999148845672607422e-01 9.999732971191406250e-01
9.999805688858032227e-01 9.999994039535522461e-01
2.330099046230316162e-01 4.354871463441156720e-10
9.085131287574768066e-01 5.862515362053954959e-09
8.237271104007959366e-04 7.533381134271621704e-02
9.979610443115234375e-01 1.229600030683286604e-07
9.999870061874389648e-01 9.976122379302978516e-01
9.996008276939392090e-01 1.325849210843443871e-03
1.000000000000000000e+00 1.000000000000000000e+00
9.974027276039123535e-01 3.229430234341634787e-08
9.999996423721313477e-01 1.000000000000000000e+00
9.007195476442575455e-04 1.057813018560409546e-01
8.827060461044311523e-01 1.000000000000000000e+00
1.493599556852132082e-04 2.642574690980836749e-05
1.000000000000000000e+00 1.000000000000000000e+00
9.968931674957275391e-01 8.886227607727050781e-01
8.833618164062500000e-01 7.105085852998627161e-09
9.992886781692504883e-01 9.812656044960021973e-01
8.471221327781677246e-01 6.106658838689327240e-05
4.739816188812255859e-01 1.127958595752716064e-01
3.056174318771809340e-05 5.396240204572677612e-02
8.774442283865369063e-10 9.937446776575598051e-08
9.999912977218627930e-01 9.999895095825195312e-01
3.037210702896118164e-01 1.013007344674576871e-09
8.859416842460632324e-01 1.000000000000000000e+00
2.988197803497314453e-01 9.516723155975341797e-01
8.004220724105834961e-01 9.971907734870910645e-01
8.400979042053222656e-01 9.982599616050720215e-01
1.469820563215762377e-05 9.397339820861816406e-01
9.988061189651489258e-01 9.775022864341735840e-01
9.956752657890319824e-01 1.000000000000000000e+00
1.000000000000000000e+00 1.000000000000000000e+00
6.805545184761285782e-03 9.999791383743286133e-01
1.000000000000000000e+00 9.993423819541931152e-01
4.911284428089857101e-03 4.016963839530944824e-01
1.121784523129463196e-01 9.913772344589233398e-01
1.591991167515516281e-05 5.525728312416600119e-12
5.853090234708702155e-11 1.610103623761460767e-07
7.539558410644531250e-01 3.358940884936600924e-04
8.843131065368652344e-01 4.298948049545288086e-01
1.000000000000000000e+00 9.978246688842773438e-01
8.991071581840515137e-01 7.802512645721435547e-01
9.942845702171325684e-01 6.498093716800212860e-04
1.768589281709864736e-04 7.302753925323486328e-01
1.417492283508181572e-03 9.855865240097045898e-01
1.121032910305075347e-04 9.999860525131225586e-01
9.972743391990661621e-01 4.051861760672181845e-04
1.751068979501724243e-02 6.148159503936767578e-01
9.989576339721679688e-01 9.948456287384033203e-01
1.000000000000000000e+00 1.000000000000000000e+00
9.994651675224304199e-01 9.846389889717102051e-01
1.662260910961776972e-05 1.126378658227622509e-03
1.000000000000000000e+00 1.000000000000000000e+00
9.999366998672485352e-01 3.598085095291025937e-05
1.101272180676460266e-01 6.233046948909759521e-02
8.679106235504150391e-01 2.388550468523931158e-09
9.979957342147827148e-01 4.254517843946814537e-04
9.999687671661376953e-01 9.999788999557495117e-01
8.170768022537231445e-01 9.998668432235717773e-01
1.870106207206845284e-03 8.674443699419498444e-03
4.450083856966102758e-09 6.580991394194990463e-12
9.994470477104187012e-01 9.249936938285827637e-01
1.280575525015592575e-02 8.685430884361267090e-01
1.000000000000000000e+00 1.000000000000000000e+00
1.000000000000000000e+00 9.999989271163940430e-01
2.501975595951080322e-01 7.124744115571957082e-06
1.000000000000000000e+00 9.999099969863891602e-01
1.000000000000000000e+00 9.999932050704956055e-01
1.012485245155403391e-05 2.324405126273632050e-03
1.000000000000000000e+00 1.000000000000000000e+00
9.789578914642333984e-01 8.327017426490783691e-01
3.111330806859768927e-05 9.994139671325683594e-01
1.303219687542878091e-05 8.112205250654369593e-05
5.189108378544915468e-06 2.543201480875723064e-05
