  -3.5651099e+00   8.2428313e-01   3.0321160e+00
   5.5649729e+00  -9.1059910e-01   6.7930317e-01
  -9.4564134e-01   3.1227637e+00  -1.1955418e+00
   7.2785616e-01  -1.7330816e+00  -3.6507572e-01
  -5.4256198e-01   9.5787834e-01  -1.3059202e+00
  -1.5547308e+00   6.5967566e-01   1.5554108e+00
  -1.7668124e+00  -7.0845785e-01  -3.6344096e-01
   5.2927356e+00  -2.2482044e+00  -2.4387757e+00
   2.3263686e-01  -2.9836649e+00   2.2322809e-01
   4.2800184e-01  -4.9566633e-01  -3.6991569e+00
   5.6329585e-01  -1.9848564e+00  -8.5457540e-01
   2.9886859e+00   1.4185878e+00   4.3379826e+00
   5.1354905e-01  -8.1453526e-01  -9.1907002e-01
   3.1535345e+00   2.1460853e+00  -1.0905225e-01
   6.6132171e-02   1.4717086e+00  -6.2786240e+00
  -1.4393858e+00   4.4626872e-01   1.7072947e+00
   1.9934265e-01  -2.0303796e+00   2.1853821e-01
  -2.8586140e-01   2.8738286e+00  -1.3116808e+00
  -8.4830820e-02  -1.4745251e+00   2.4982571e+00
  -1.8100828e+00   2.6677204e+00   1.0577847e+00
  -6.4690472e-01  -1.7356017e+00  -1.2894614e+00
   4.9602236e+00  -7.9442203e-01  -3.1610042e+00
  -4.1438016e+00  -2.5918117e+00  -1.1204187e+00
   3.3889297e+00   8.8037824e-01  -5.0058830e+00
   1.5458194e+00  -2.0067433e+00   2.2766669e+00
   4.7614912e+00  -2.8585282e+00  -3.4980455e+00
   3.3548478e-03   1.4022403e+00   3.6504307e-02
  -6.1813407e-01  -9.5857754e-01  -3.7845239e+00
   8.5048534e-02   1.0091853e+00   5.0325888e+00
  -7.2491630e-01  -7.2967510e-01  -1.2717706e+00
   5.1132517e+00   8.0014167e-01  -2.8602545e+00
  -2.6163932e+00  -3.0055629e+00   4.0191331e+00
   2.0958843e+00   2.5796873e+00   4.7509759e+00
   1.4588066e+00   1.8884657e+00  -3.2946586e+00
  -5.7898454e-01   1.5447053e+00   4.9461656e+00
  -1.8560173e+00   1.9673458e+00   9.1074326e-01
  -5.0581532e-01  -7.3320802e-01  -1.3097770e+00
  -1.9257476e+00   7.3688715e-01   3.7948213e-01
   8.8407439e-01   4.7434819e-01  -3.5646757e+00
   2.3610671e+00   1.8882043e-01   4.6493459e+00
  -1.8045870e+00  -1.4132784e+00  -2.7239488e-01
   1.0146011e-01  -1.5794108e+00   2.5272881e+00
   4.4825920e+00  -3.0386257e-01   3.0404721e+00
  -8.8631498e-01  -1.7108308e+00  -3.7594582e+00
   8.5931586e-01   1.9129132e+00  -6.1682473e+00
  -7.4321365e-02   3.0542830e+00  -1.2777181e+00
   2.1543954e+00  -2.9531477e+00   4.7299756e+00
  -3.9449478e+00   2.2408472e-01  -1.5718432e+00
  -1.0876518e+00  -2.5944703e+00  -1.1241537e+00
   2.7757981e+00   1.8980965e+00   1.1098431e+00
  -3.6422899e-02   3.0733881e+00   2.5071991e+00
   3.3233979e-02  -2.7209569e+00  -3.7662350e+00
   4.1302441e-02   2.7608213e+00   5.0296633e+00
   6.5807515e-01  -3.0273798e+00  -5.2506992e-02
   1.7057030e+00   1.1550921e+00   4.8712752e+00
   3.1787695e+00   1.7827689e+00   4.2217878e+00
  -1.4596919e+00   2.1449266e-01   1.6824794e+00
   1.2294022e+00   2.4212848e+00   2.4063433e+00
   1.5186476e+00   2.5070217e+00  -3.2590217e+00
  -4.4030421e+00   7.9128944e-01   5.7043901e-02
  -3.6649340e+00  -2.2753362e+00   2.8863790e+00
  -2.9254607e+00  -1.7731049e+00   3.7573427e+00
  -4.1548873e-01  -1.9971665e+00   2.4094062e+00
   1.1981823e+00  -2.8788307e+00   2.4166622e+00
   3.8050892e+00  -2.4696584e+00  -4.6505982e+00
   1.4829624e+00   7.3163599e-01  -3.2804629e+00
   3.7586972e+00   2.7624716e+00   3.7916620e+00
  -1.6178410e+00  -9.1448161e-01  -6.3041907e-01
  -1.3432088e+00  -5.6153399e-01  -3.6722276e+00
   6.7206682e-01   3.0432571e+00  -3.6351821e+00
   3.2862704e+00   2.7996566e+00  -5.0840059e+00
   5.2656322e-01   1.1098912e+00   1.1854616e-01
   3.1446307e+00   3.0680936e+00  -2.4643626e-02
   3.0905875e+00   1.6765511e+00  -1.0902299e+00
   5.5978397e-01  -1.0260488e+00   8.7165401e-02
   5.6689233e+00   1.0202753e+00  -4.1628297e-01
   5.3905454e+00  -1.6074569e+00   1.3490071e+00
   1.5856439e+00  -1.2848658e+00   2.2569217e+00
  -1.3908612e+00   1.1320941e+00   4.7106667e+00
   6.7532361e-01   1.7496680e-01  -6.4351837e-01
  -1.1927272e+00  -5.5547434e-01  -3.7072761e+00
  -1.3341691e+00   6.4489494e-01  -9.4950118e-01
   1.8403965e+00   1.5740639e+00   2.1103857e+00
   3.3802315e+00   5.2485441e-01   4.0860618e+00
   7.3446898e-02   3.2542197e-01  -1.2306020e+00
  -1.9056630e+00   5.2508968e-01   1.1543568e-01
   2.9326796e+00   7.4266747e-02   7.8772344e-01
  -1.7590227e+00  -2.6226472e+00   1.1878539e+00
  -1.1931658e-01   1.3795998e+00   5.0156154e+00
   1.2116387e+00   3.1174408e+00  -6.0851120e+00
   5.9941798e-01  -9.1398792e-01  -7.9959306e-01
  -8.1479283e-01   2.9610065e+00  -1.2455227e+00
  -4.4095601e+00  -9.6479089e-01   1.5498460e-01
  -8.8663788e-01   2.4287267e+00   2.1862067e+00
   2.4557387e+00  -2.8466056e-01  -5.6034707e+00
   2.5745995e+00  -5.4395239e-01  -5.5401687e+00
  -2.5632351e+00  -1.7735417e+00  -3.1285135e+00
   4.3769861e+00  -2.3520816e+00   3.1696916e+00
   7.4692770e-02  -1.2006250e+00   2.5240029e+00
  -1.9090381e+00   1.4206560e+00  -3.4814865e+00
   1.4227412e+00   1.7773377e+00  -6.0247126e+00
   2.0895173e+00   1.2176035e+00  -2.8268804e+00
   5.0680903e+00  -3.0800033e+00  -2.9535754e+00
  -4.2969266e+00   2.1564730e+00   1.4218119e+00
   2.9462126e+00   2.6535902e+00   7.5455909e-01
  -2.3103369e+00   1.7024556e+00  -3.2838665e+00
   5.4723494e+00  -2.8735529e+00   1.0762928e+00
   2.4776428e-02  -7.6537907e-01  -1.2484540e+00
  -1.8065342e-01   1.2839037e+00   2.4775821e+00
   7.6429618e-01   1.4420730e+00  -6.1869922e+00
   9.3362679e-02  -1.7324183e+00   2.5263252e+00
  -3.3048566e+00  -1.4510719e+00  -2.4930268e+00
   5.6620675e+00   1.0871869e+00  -1.1991938e-01
   4.5329758e-01  -1.4142069e-01  -6.2377192e+00
  -3.0424801e+00   7.7733315e-01  -2.7542126e+00
   6.7535243e-01  -1.6559653e+00  -9.0024697e-02
   1.2192805e-01  -2.0286913e+00   1.9136933e-01
  -1.0888285e+00   2.0712105e+00  -3.7278224e+00
   1.7585300e+00   1.6771183e+00  -3.0993407e+00
   3.4001203e+00   2.7299075e+00  -4.9971554e+00
  -3.5113190e+00  -2.4637067e+00   3.1059979e+00
  -3.4617528e+00  -1.9966235e+00  -2.3118032e+00
   3.0700524e+00  -2.5189586e+00  -1.1773754e+00
  -1.3194998e+00  -6.4315929e-02  -9.6202463e-01
   3.3979378e+00  -1.9273964e+00  -4.9988608e+00
   2.7395589e+00   2.4874601e+00  -2.0038525e+00
   8.7064210e-02  -2.5189940e+00   1.6909529e-01
  -4.3677433e+00  -2.8640922e+00  -2.5314145e-01
   3.1101175e+00   3.5999608e-01  -9.9522986e-01
   2.9670983e-01   1.7121370e+00   2.2255343e-01
   5.5239096e+00  -1.1816155e+00   8.7167881e-01
  -1.8455891e+00  -2.0170126e+00   9.4777190e-01
  -6.4918125e-01  -1.0118713e+00  -1.2890110e+00
   6.9884356e-01  -1.8212087e+00  -1.5561820e-01
  -1.9249012e+00   6.3790163e-02   3.3354150e-01
  -6.1991868e-01   2.5532623e+00  -1.2945026e+00
  -2.9861820e+00   8.1005300e-01  -2.8044616e+00
   3.5833840e-01  -2.5036364e+00   2.1070601e-01
  -1.6033042e+00  -6.8577981e-01  -6.5141763e-01
  -1.6990179e+00  -2.7984263e+00  -4.9881708e-01
   5.2607562e+00   8.0607814e-03   1.7032719e+00
   1.7907054e+00  -4.2900853e-01   2.1418630e+00
  -3.0324101e+00   3.1262639e+00   3.6555027e+00
  -1.9618830e-01   1.9578568e+00  -3.7855425e+00
  -1.2787852e+00  -9.0153217e-02   4.7523611e+00
   6.9877712e-01   2.4783883e+00  -1.5539601e-01
   2.0314079e+00  -2.2773619e+00  -5.8032243e+00
   3.6861982e+00  -6.9111951e-01   3.8524013e+00
   2.2728990e-01   2.6851584e+00   2.2271982e-01
   2.5260282e+00   2.6231911e+00   1.4830996e+00
  -1.8822523e+00   1.3419251e+00   8.0238069e-01
  -1.8090227e+00   7.4353571e-01  -3.5223040e+00
  -6.6298131e-01  -9.8465123e-01  -1.2861961e+00
   1.1321703e+00   2.7396405e+00  -3.4631580e+00
  -1.8781608e-01  -2.3576142e+00  -3.7850861e+00
   7.1582108e-03   1.4488106e+00  -3.7691447e+00
   1.9425104e+00   9.2034485e-01   2.0408999e+00
   1.1755338e-01   2.0932557e+00   1.8899623e-01
   3.1526787e+00  -6.3911161e-01  -6.9508548e-01
   3.1030833e-01   1.5696792e+00   2.5429814e+00
   6.7345845e-01   2.1062526e+00  -8.5572410e-02
   2.3343190e+00  -1.1155142e+00   1.7029596e+00
   2.0308030e+00   3.2836942e-01   1.9752504e+00
   2.4044004e+00   3.0104571e+00  -2.4921180e+00
   4.2907456e-01   3.0981465e-01   5.0422814e+00
  -4.4031783e+00  -1.0654799e+00   5.8798748e-02
   4.9674280e+00   7.5066192e-01   2.3150881e+00
   2.3972932e-01  -8.7564625e-01   2.2376300e-01
  -4.1995882e-01   1.6116970e+00  -1.3148605e+00
   2.3268713e+00  -5.4097755e-01   1.7106448e+00
   3.6513049e+00  -4.8097128e-02  -4.7895946e+00
  -7.7304756e-01   1.2236078e+00   4.9034383e+00
   2.0658643e+00   2.9702746e+00   1.9476471e+00
  -1.8127528e+00  -1.0822475e+00   1.0501976e+00
   2.9726180e-01   2.1224800e+00   2.2249531e-01
  -3.7268819e+00   1.5021351e+00   2.7895628e+00
   3.1661652e+00   2.8536623e+00  -3.3920784e-01
   1.4717362e-03  -2.9410169e+00  -1.2561676e+00
   1.1119931e+00  -8.9931868e-01   2.4429611e+00
   5.0051587e-01   1.0219842e+00  -9.3429006e-01
  -3.2496207e+00  -1.3728662e+00   3.4273953e+00
  -1.1037847e+00  -1.6940531e+00   2.0342525e+00
   4.6861951e+00   1.3265598e+00  -3.6135510e+00
   2.8753406e-02   7.8271472e-01   1.0399652e-01
   2.2957997e+00   5.6931096e-01   4.6759117e+00
  -1.5970396e+00   1.0080615e+00  -3.5985181e+00
   2.7772011e+00  -2.8427978e+00  -1.9353755e+00
  -2.9130828e+00  -9.5011307e-01  -2.8669920e+00
  -4.1719181e+00  -3.0573615e-01   1.8545425e+00
   5.9146571e-01  -1.6279419e+00   5.1333530e-02
   5.1753621e+00   1.3511677e+00   1.9024663e+00
   2.0185899e-02   2.2379593e+00   8.7953335e-02
  -1.8417577e+00  -1.3728276e+00  -1.6526796e-01
   3.5076192e-01   1.4517352e+00  -1.0746429e+00
   5.3306627e+00  -2.2760029e+00  -2.3360970e+00
   3.7598473e-01   2.1156916e+00   2.0531378e-01
   1.0684639e+00  -2.2707324e+00  -3.4912800e+00
  -2.2058665e+00   5.5423591e-01  -3.3407900e+00
  -2.9506238e+00  -8.4096162e-01  -2.8352522e+00
   4.6151012e+00   1.9274271e+00   2.8659675e+00
   2.7071455e-01   2.3755378e-02   2.2429477e-01
   1.3430503e+00  -6.5380698e-02   4.9536132e+00
   2.9862095e+00   2.3690670e+00  -1.4584219e+00
  -4.3455663e+00  -9.2273720e-01  -3.8664618e-01
  -2.5840782e-01  -3.1765550e-01  -1.3093232e+00
   2.6546105e+00   2.9124467e+00  -2.1459777e+00
  -4.4106066e+00  -2.8758278e+00   1.7469988e-01
   3.7988752e+00   2.9716849e+00  -4.6564045e+00
   1.7986785e+00  -1.9527710e+00   2.1369116e+00
   5.2251748e-01   1.0500478e+00   1.2199700e-01
   2.8237207e-01   5.4311612e-01   2.2375614e-01
  -1.7650277e+00   1.1002638e+00  -3.5392568e+00
  -3.0006767e-01  -8.7322422e-01   4.9935330e+00
  -4.3013768e+00   7.5573165e-01  -5.9899275e-01
  -1.6429688e+00   1.9550187e+00   1.4170259e+00
   4.4115953e+00  -3.0205944e+00  -3.9910801e+00
   3.1054494e+00  -2.6145999e+00  -1.0192956e+00
   3.9764173e+00   2.9832669e+00  -4.4837443e+00
   4.2320849e-01   9.5095716e-01   1.8633900e-01
  -1.4339344e-01  -1.6886826e+00  -1.2928926e+00
  -1.8615661e+00  -6.0638303e-01   4.4997776e+00
   5.6019559e+00  -2.3749151e+00  -1.2695502e+00
  -1.3308831e+00  -1.4549418e+00   4.7333668e+00
  -1.8523293e+00  -1.5214974e+00  -1.3015201e-01
   6.5479268e-01  -1.0576785e+00  -6.9390583e-01
   3.6415166e+00  -2.1850781e+00   3.8887599e+00
  -1.1621588e+00  -9.5499604e-01   4.7924903e+00
  -1.5261728e+00  -2.3771900e+00  -7.5267971e-01
  -6.0559689e-01   2.4137048e+00  -1.2969550e+00
  -1.9080615e+00  -2.5492241e+00   6.5405300e-01
   2.3343079e+00   2.7020249e+00   4.6603626e+00
   1.7637972e+00  -6.3447625e-01   4.8554898e+00
   1.5935145e+00  -2.8437605e+00  -3.2121643e+00
   1.5384817e+00  -9.9039649e-01  -3.2468581e+00
  -1.7539381e+00   1.4826191e+00  -3.9152308e-01
  -4.3923789e+00   1.8515426e+00  -5.9784050e-02
  -2.9390960e-01   2.8215208e-01   4.9943957e+00
   1.6863761e+00   1.1700765e+00   2.2032845e+00
   1.8612026e+00   2.4732672e+00   2.0967614e+00
   2.5104629e+00  -2.7973257e+00   1.5027091e+00
  -1.6590781e+00  -1.2336319e+00  -5.6688867e-01
  -3.9299961e+00  -2.8513625e+00  -1.6007790e+00
   5.6684877e+00  -1.9133759e+00  -3.2665174e-01
   5.6573204e+00   1.3833425e+00  -7.6221628e-01
  -3.4626117e+00   1.3933169e+00   3.1703706e+00
  -1.3319205e+00   2.3737816e+00  -9.5144083e-01
  -4.2758490e+00   5.1794159e-01  -7.0218533e-01
   7.2691813e-01  -2.6974699e+00  -3.9711239e-01
   7.2370428e-01   2.6561825e+00  -2.7999095e-01
   1.7081985e-01   1.8872935e+00  -1.1872523e+00
   6.8939016e-01  -1.3449356e+00  -6.0264228e-01
   8.5568153e-01   2.7434418e-01  -3.5749581e+00
   4.2117776e-01   3.0459389e+00   1.8729567e-01
   1.7750885e+00   1.3551453e+00   4.8523368e+00
  -4.2513536e+00   2.1298088e+00   1.5990523e+00
   5.3440271e+00  -4.1933626e-01  -2.2984323e+00
   3.0746689e+00  -1.8457036e-01   3.5712515e-01
  -3.1239601e+00   3.8147361e-01  -2.6780676e+00
   5.5256405e+00  -1.4508406e+00   8.6419253e-01
   2.7827594e+00   1.5646292e+00  -1.9249358e+00
  -1.7043276e+00   2.4427601e-02  -4.8920232e-01
   2.2611888e+00   9.2243234e-01  -5.6999951e+00
   1.2392261e-01  -1.2079701e+00   1.9241587e-01
  -1.8781226e+00  -2.2699601e+00   8.2131694e-01
   2.5146520e+00  -1.5347978e-01  -5.5725160e+00
  -1.1973834e+00  -8.6419383e-01   1.9562018e+00
  -1.9224173e+00   1.8102701e+00   2.7821165e-01
   7.1909316e-01   1.7611506e+00  -2.4509547e-01
   5.5783840e+00   1.0587935e+00  -1.4104225e+00
   7.2243548e-01  -2.3027632e+00  -4.5020822e-01
  -1.8267754e+00  -3.0061530e+00   1.0086881e+00
   5.6346148e+00   3.7599024e-01   2.2316708e-01
   3.1393381e+00  -1.2514910e+00   1.7319856e-02
  -9.1950378e-01   2.7608927e+00  -3.7550283e+00
   9.5942947e-01   3.0216067e+00  -3.5360849e+00
  -4.3856087e+00  -1.3407036e+00  -1.2031539e-01
   8.1943937e-02   1.8901096e+00   1.6508144e-01
   3.0037138e+00   2.4888410e+00  -1.4066856e+00
   9.7284832e-02   6.1277755e-01   1.7648180e-01
   2.1492604e+00   2.4128483e+00   4.7318504e+00
  -1.7284912e+00   2.7880475e+00   1.2552502e+00
   3.5625526e+00   3.0886937e-01   3.9510839e+00
  -1.0237214e+00   1.4349967e+00  -1.1586293e+00
   1.0473320e+00   4.8228661e-01  -3.5002878e+00
   4.8895712e+00  -2.9791254e+00  -3.2867941e+00
   2.0480720e-01  -3.3595577e-01   2.1956303e-01
   2.5432267e-01   9.1924231e-01   2.2437426e-01
   4.1226393e-02   1.3322208e-01   1.2281202e-01
  -4.1019157e+00  -8.0228321e-01  -1.2282413e+00
   8.1023489e-02   2.7465981e+00  -3.7604212e+00
   6.9914306e-01   2.0705158e+00  -1.5662335e-01
  -2.9489284e-01   2.1933688e+00   4.9942585e+00
  -1.0743106e+00  -8.0089099e-01  -3.7304587e+00
   3.9375007e-01   5.8549595e-01   1.9896500e-01
   3.8558553e-01   2.3408168e+00   2.0199867e-01
   7.2147541e-01   2.7237709e+00  -4.5797968e-01
  -8.6054428e-01   1.0584923e+00   4.8814790e+00
   5.7642291e-01  -1.8423779e+00   6.9156609e-02
  -8.3752557e-01   9.6667178e-01  -1.2378616e+00
  -9.6928424e-01  -2.6888794e+00  -1.1849459e+00
   6.5672884e-01  -5.8605208e-01  -4.9840690e-02
   4.2797065e+00   1.0488618e+00   3.2818599e+00
  -4.3851646e+00   2.7251787e+00  -1.2403678e-01
  -3.9776987e+00   1.9537567e+00   2.3307092e+00
  -2.9142209e+00  -9.7086071e-02  -2.8660411e+00
   3.1384561e+00   1.6132029e+00  -8.2005205e-01
  -1.8770913e+00  -5.2120622e-01   8.2591342e-01
  -3.4308151e+00   2.9643188e+00  -2.3492533e+00
   7.1074532e-01   3.0660355e+00  -2.0124039e-01
   6.7886064e-01   2.2880064e+00  -6.3383845e-01
   3.7938427e-02  -6.9816383e-01   1.1824805e-01
   3.2230037e+00  -2.8436548e-01  -5.1304572e+00
   2.7361266e+00  -1.5916113e+00  -5.4486163e+00
   7.2421388e-01   1.7870830e+00  -2.8490253e-01
   2.5603364e+00   2.4054396e+00   1.4386144e+00
  -3.2077201e+00   2.5994272e+00  -2.5952807e+00
  -1.8016657e+00   3.6621498e-01  -2.7997492e-01
  -3.1051211e+00   6.2120661e-01   3.5824984e+00
   2.1441755e+00  -2.2061726e+00  -2.7748641e+00
   1.1365227e+00   2.5114739e+00   2.4358004e+00
  -1.4608132e+00  -3.1168633e-01  -8.2734170e-01
  -3.1465831e+00  -1.8493152e+00   3.5394091e+00
   5.6428291e+00   2.5110812e+00   1.4394947e-01
  -4.1276541e+00   1.6498736e+00   1.9776078e+00
   2.7372133e-01   2.4032323e+00   2.5414916e+00
   4.8596459e+00  -1.3511976e+00  -3.3379764e+00
  -1.2273449e+00   1.0884110e+00  -1.0340803e+00
   2.9056183e+00   1.0322011e+00  -1.6672244e+00
   3.9135105e+00  -2.3699233e+00  -4.5465655e+00
  -1.4709916e+00  -5.8233552e-01  -8.1629766e-01
  -1.1125726e+00  -1.4119137e+00  -1.1096188e+00
   5.2866900e+00   1.3613761e+00  -2.4546108e+00
   3.7949738e-01  -1.3610361e+00   2.0413231e-01
  -1.8811047e+00   2.4893908e+00  -1.7718096e-02
   4.8998155e-01   2.0519557e+00  -3.6845926e+00
  -6.6167137e-02  -6.9098380e-01  -1.2756513e+00
  -2.1346345e+00  -1.3176198e-02  -3.3773262e+00
  -1.2840312e-01   1.2239971e+00   5.0146646e+00
   3.1511554e+00   2.1009024e+00  -8.4219132e-02
  -2.9281325e+00   6.8882366e-01  -2.8543612e+00
  -3.1755289e-01   4.6958743e-01   4.9910408e+00
  -7.3397173e-01  -1.0930093e+00  -1.2694137e+00
  -4.9747967e-02  -2.7379231e-01  -3.7748546e+00
   6.9312577e-01   1.3433173e+00  -1.3744552e-01
   3.1417856e+00   2.4152881e+00  -7.9435732e-01
   2.9480754e+00   1.3876771e+00   4.3613981e+00
   5.4797208e+00  -3.0246451e+00  -1.8559662e+00
   3.1292457e+00   1.0981529e+00   8.7126995e-02
  -1.6375217e+00  -3.8636045e-01  -6.0086841e-01
  -3.0115241e+00  -3.9068734e-01  -2.7820737e+00
   5.5520835e+00  -2.4062286e+00  -1.5469239e+00
   3.1652301e+00   1.9772034e+00  -4.9314395e-01
   2.4140447e+00  -1.1004657e+00  -5.6248860e+00
   5.2964639e-02  -1.5944958e+00  -1.2384081e+00
   6.8784139e-01  -9.8826198e-01  -1.2210814e-01
  -1.8667189e+00  -7.8104932e-01  -7.7623036e-02
  -1.4005068e-01   2.9250611e-01   2.4868306e+00
   8.4673092e-01   3.8905580e-01   2.5044205e+00
  -1.9253493e+00  -6.5456824e-01   3.5086116e-01
  -4.3391735e+00  -6.4006256e-01  -4.2096012e-01
   5.7254917e-01   9.6555086e-02   7.3501154e-02
   8.2871051e-02   9.8979359e-01   2.5250378e+00
  -1.8493642e+00   2.8331837e+00  -1.4026444e-01
  -1.9157568e+00   1.3970569e+00   1.9618675e-01
   6.6073118e-01  -6.2781748e-01  -5.7864794e-02
   3.6118793e-01   2.0852091e+00  -3.7136055e+00
  -1.7114461e+00  -2.2975200e+00  -4.7608145e-01
   6.3081218e-01  -2.7616687e+00  -7.4381395e-01
   4.2817823e-05  -2.6122528e+00   4.1383090e-03
  -1.7230504e+00  -2.1117891e+00  -4.5409555e-01
   2.4158203e+00  -1.1044588e+00  -2.4781592e+00
   4.9103383e+00  -1.2457874e+00   2.4149116e+00
   1.6355208e-01  -3.0681988e+00   2.0912576e-01
   5.6689060e+00   2.5073110e-01  -4.2125093e-01
   7.2743787e-01  -2.5423484e+00  -3.8477949e-01
   2.6473781e+00  -2.2210127e+00   4.5202869e+00
   3.7002717e-02   8.2398451e-01   5.0293550e+00
   5.5412368e+00   2.2576767e+00  -1.5985664e+00
   7.1878722e-01   2.9796224e+00  -4.7707829e-01
   3.1625688e+00   4.4509097e-01  -2.3552375e-01
   1.9797923e-01   3.1218020e+00   2.5367152e+00
   4.3984057e-01   3.3641163e-01  -9.9795702e-01
   1.3733766e+00   9.7128336e-02  -3.3428619e+00
  -3.7143584e-01  -1.0638560e+00  -3.7908259e+00
  -3.0312630e-01  -4.3981167e-01  -1.3128623e+00
   3.1080131e+00  -5.1482827e-02  -1.0061994e+00
   1.0507055e+00  -2.6952535e+00  -6.1257814e+00
   3.0396852e+00   2.4362373e+00   4.8559210e-01
  -4.3518673e+00  -2.7354878e+00  -3.5122160e-01
   4.6130719e-01  -4.0096175e-01   2.5435458e+00
   1.1351640e-01   2.0522737e+00   1.8670854e-01
  -1.8282630e+00  -6.6265812e-01  -2.0673994e-01
   1.1403045e-01   7.1298371e-01   5.0343157e+00
  -1.6216904e+00   2.0020788e+00   1.4525985e+00
   5.0561502e-01   2.4267863e+00   1.3562717e-01
   3.1626295e+00   2.7087542e+00  -5.5741411e-01
  -1.1472091e+00  -1.9428574e+00   1.9990982e+00
  -3.7811277e+00  -1.5168725e+00   2.7001952e+00
   3.0511918e+00   2.4998638e+00  -1.2492795e+00
   3.5866972e-01   5.8660987e-01   5.0422132e+00
   1.3475000e+00   2.4127946e-02   4.9527693e+00
   1.9598792e-01   7.0880355e-01  -1.1742410e+00
   7.2398122e-01   2.0069891e+00  -2.8261952e-01
   1.6706493e+00   2.0036556e-01   4.8804482e+00
  -2.2475125e+00  -1.8719174e+00  -3.3185816e+00
   2.5372800e-02  -2.8969590e-01   9.8054115e-02
   5.6180872e+00  -4.5294905e-01   3.5748017e-01
   3.1442172e+00   2.9282958e+00  -7.7447920e-01
   2.6182136e+00   7.5432815e-01  -2.2023787e+00
  -3.8493062e-01   1.2276713e+00  -3.7908958e+00
  -2.7818632e+00   1.3833351e+00   3.8846048e+00
   4.1056088e+00  -9.6198589e-01   3.4680121e+00
  -6.3957530e-01   1.0675396e-01   2.3190549e+00
   5.1647898e-01   3.5622288e-01   1.2700977e-01
  -3.9735984e+00  -2.1583042e+00   2.3393178e+00
  -1.8281007e+00   3.8990963e-01   1.0046080e+00
   3.0845145e+00   1.2239852e+00   4.2807864e+00
  -1.0036285e+00  -4.6209350e-01   2.1089778e+00
   2.2315922e+00   2.1128494e+00   4.7010470e+00
   3.9987232e-01   1.4538478e+00  -1.0345063e+00
   7.2786448e-01  -8.7945090e-01  -3.6397708e-01
   5.2547560e+00  -2.8769215e-01   1.7180038e+00
   1.7680436e-01  -7.1383332e-01   2.1317970e-01
  -4.2212510e+00   1.7313609e+00  -8.9355781e-01
  -3.9767384e+00   1.4719688e+00   2.3327294e+00
   1.5142884e+00  -4.3807722e-01   2.2917320e+00
  -7.4324029e-01   1.2173833e+00   2.2679165e+00
   1.9335865e+00   2.7973588e+00  -5.8437842e+00
  -3.9636432e-02   1.7858861e+00   2.5066363e+00
   1.6322449e+00   1.2916461e+00   2.2327770e+00
   6.1833977e-01  -2.4546254e+00  -7.6705895e-01
  -1.8796130e+00  -6.9158608e-01   8.1458324e-01
  -1.9253660e+00   5.7117127e-01   4.3233723e-01
   5.5993568e+00  -2.5522269e-01   4.8489803e-01
  -1.0450178e+00  -2.8252972e+00  -1.1475836e+00
  -1.9246542e+00  -1.7047062e+00   3.2591492e-01
   3.5673710e-01   2.0997718e+00   2.5441099e+00
  -4.4133899e+00  -3.0432942e+00   5.5830811e-01
   6.9865301e-01   2.2852628e+00  -5.7130828e-01
   4.9285336e+00  -2.6510703e+00   2.3836224e+00
   5.0430184e-01   1.0621259e+00   1.3663489e-01
   2.3927776e+00   1.3277896e-03   1.6405749e+00
   8.7722878e-02  -1.7718972e+00   1.6959578e-01
  -3.1739891e+00   4.4997487e-01   3.5103184e+00
  -4.3984968e+00  -2.3738556e+00   2.9480991e-03
  -3.0459208e-01   1.0754692e+00  -1.3129520e+00
  -4.0609012e+00   6.2571445e-01  -1.3261919e+00
   2.1767463e+00  -2.7898841e+00  -2.7427705e+00
   3.8195560e+00  -2.7875790e+00   3.7389477e+00
   2.1263232e+00  -2.1834029e+00  -2.7921022e+00
   5.6638122e+00  -3.0183099e+00  -1.5783833e-01
   7.9552504e-01  -4.0730406e-01   2.5129958e+00
  -1.3755678e+00   2.0874091e+00   1.7807734e+00
   3.0265455e+00   7.3758420e-01   5.2882827e-01
  -1.2385739e+00   1.2647685e-01  -1.0258787e+00
   5.2359655e+00   2.2862515e+00  -2.5823585e+00
   2.5418835e+00  -2.5277385e+00   1.4627619e+00
  -1.1972912e+00   2.5638676e+00  -1.0552918e+00
   1.2760298e+00  -2.4629037e+00   2.3901326e+00
  -4.4106409e+00   1.0679378e-01   1.7537705e-01
   9.2494601e-02  -2.2421168e+00   2.5262204e+00
   3.2151220e-01   3.7303631e-01  -1.0963649e+00
   4.1588440e+00  -3.1128180e+00   3.4129531e+00
   9.0160987e-01   1.6756124e+00  -3.5581921e+00
  -9.4644400e-01   2.1910047e+00   2.1479980e+00
  -4.6555056e-01   2.6189653e+00  -1.3128467e+00
  -4.0447227e-01   3.0597119e+00  -1.3151900e+00
   3.0832174e+00   3.2252230e-02  -1.1227600e+00
   1.3649475e+00  -1.4362003e+00   2.3565115e+00
  -3.7113352e+00  -2.5085585e+00   2.8143613e+00
   3.9581182e-01   4.9315659e-02   1.9816745e-01
   3.6036622e+00   5.3789800e-01   3.9189405e+00
  -4.0602455e+00   1.6517683e+00  -1.3277037e+00
   7.2019951e-01  -2.6203230e+00  -4.6745948e-01
   4.2824999e+00   1.0153388e+00   3.2787248e+00
   3.2715285e-03   1.0668230e-01  -1.2555906e+00
  -4.3899584e-01  -2.0668663e+00  -3.7906941e+00
   2.6613612e+00   2.7555403e+00  -2.1352417e+00
   5.6896813e-01   5.6852257e-01  -8.4646569e-01
   3.1499038e-03  -3.7300330e-01   3.5379330e-02
  -2.0993191e+00   2.7766585e+00   4.3692096e+00
  -2.5244219e+00   9.7963542e-01   4.0887921e+00
   8.5970055e-01  -3.0193401e-01   2.5020821e+00
   2.7793232e-01   2.1343818e+00   2.2400803e-01
   8.1711279e-01   2.0497951e-01  -3.5885030e+00
   4.3212872e-01   3.3858242e-01  -1.0053095e+00
  -4.1234068e+00   1.1313851e+00   1.9888594e+00
   2.8817109e+00  -8.3447044e-01  -1.7220699e+00
  -1.1771303e+00  -1.6380854e+00  -1.0689353e+00
   5.5564585e+00   4.9589093e-01  -1.5254000e+00
  -2.9082979e+00   2.3052194e+00   3.7731055e+00
   5.4581243e+00  -5.8573889e-01   1.1275756e+00
   3.8138365e-01  -2.4340109e+00   2.0348293e-01
   2.9504426e-01  -3.5282701e-01  -1.1147576e+00
  -3.8678567e+00  -1.2554784e+00   2.5470306e+00
  -4.3717614e+00  -6.1960467e-01  -2.2579634e-01
  -1.7261697e+00   2.0945850e+00   4.5666365e+00
   3.1521427e+00  -6.0551897e-01  -9.4273499e-02
   1.0423394e+00  -6.9004493e-01   2.4619097e+00
  -6.7438417e-01  -8.7682546e-01  -3.7808425e+00
   4.1307218e+00  -2.2603422e+00   3.4422348e+00
  -3.7790264e+00  -1.5071464e+00  -1.8662836e+00
   3.0665005e+00  -2.5961173e+00  -1.1914397e+00
  -1.8771876e+00  -4.4360961e-01  -3.4933789e-02
  -4.4145744e+00  -1.5250372e+00   2.7558885e-01
  -6.8300712e-01  -1.2719970e+00   2.2983949e+00
   1.7337976e+00  -4.7212852e-01  -3.1171313e+00
   5.4774865e+00  -2.3925914e+00   1.0572904e+00
   3.3082457e+00  -3.0995432e-02   4.1361133e+00
   5.6463122e+00   1.2968949e+00   1.0657122e-01
   4.8268617e+00  -1.6111760e+00  -3.3927254e+00
   1.2300900e+00   1.7911482e+00   4.9736747e+00
   1.8195200e-04  -2.6760741e+00   8.5295494e-03
   9.4241491e-04  -6.6675009e-01   1.9396545e-02
   5.3897012e-01  -3.1202668e+00   1.0748230e-01
  -1.3362449e+00  -1.7550388e+00  -9.4770409e-01
   5.0210634e-02  -3.1334209e+00   1.3416020e-01
   9.8420593e-01  -1.9529417e+00   2.4761766e+00
  -1.7123898e+00  -2.2463389e+00   1.2884334e+00
   2.7086728e+00  -1.4572215e+00  -2.0573764e+00
   5.3345251e+00  -2.0427134e+00  -2.3252959e+00
  -1.8750064e+00  -2.2704355e+00  -4.4203269e-02
  -1.7553335e+00   6.2131661e-01   1.1963443e+00
   4.3428451e+00   2.5199211e+00   3.2097730e+00
  -1.7212243e+00   2.7607045e+00   1.2704099e+00
   7.1684652e-01  -1.7518497e+00  -4.8915288e-01
   3.1666832e+00  -1.0887896e-01  -3.8988915e-01
   4.1824703e+00  -7.7904513e-01   3.3880063e+00
  -5.8898575e-01   1.4941438e-01   2.3417809e+00
  -4.3611456e+00  -1.4773491e+00  -2.9564346e-01
  -1.6744258e+00  -2.7120916e+00  -3.5722827e+00
   2.0131850e+00  -4.0006877e-01   1.9887843e+00
   2.7239393e+00  -2.0492418e+00   1.1982131e+00
   4.2388517e+00  -2.9775569e+00  -4.1999268e+00
   5.0710289e-01   2.8568279e+00   1.3447668e-01
  -1.6706976e+00  -4.3607493e-01  -5.4781059e-01
   1.8904815e+00   2.9000580e+00   2.0771329e+00
   7.1618447e-01   1.6487988e+00  -3.6216858e+00
   5.1775141e+00  -3.0954197e+00   1.8977014e+00
   2.6070255e+00   1.1312161e+00   1.3750829e+00
   1.5239912e+00   1.2940268e+00   2.2871490e+00
  -3.5078125e+00   9.1187106e-01   3.1107100e+00
   2.5743193e+00   3.2867245e-01   1.4199624e+00
   4.4167067e+00  -1.7711751e+00   3.1220420e+00
   2.5349097e+00   1.7113274e+00   1.4717531e+00
   3.1282956e+00  -1.7088484e+00   9.3171431e-02
   3.0031172e+00  -8.1138090e-01   6.0075855e-01
  -6.4381879e-01   2.4562782e+00  -1.2900658e+00
   5.2375709e-01   2.2391822e+00   1.2094765e-01
   3.6901917e-01  -6.1302809e-01   2.0755009e-01
   5.4893732e+00  -1.1434196e+00   1.0122586e+00
  -7.2921412e-01   6.8257654e-01  -1.2706599e+00
   4.4580434e+00   2.5773326e+00   3.0712447e+00
  -4.3962016e+00   2.5704397e+00   8.1967629e-01
   4.9915265e+00   5.7550464e-01   2.2714360e+00
   4.8744111e+00  -1.0519849e+00  -3.3128710e+00
   7.1257857e-01   2.2183642e+00  -5.1242353e-01
  -2.3677764e-01  -3.6192471e-01   2.4635953e+00
   1.8519945e+00   2.5406404e+00  -5.8761171e+00
  -2.6211670e+00  -2.9331203e+00  -3.0891753e+00
   5.6233546e+00   2.0374160e-01   3.1746601e-01
   2.9126755e+00   1.3602929e+00   8.3479108e-01
   1.9442776e-02  -2.0150059e+00   8.6388513e-02
  -1.3765013e+00  -1.0270939e+00  -3.6636154e+00
  -6.8136259e-01  -1.9621574e+00  -1.2822217e+00
   3.0109926e+00  -1.1188645e+00  -1.3843013e+00
  -4.2087305e+00  -6.0408610e-01   1.7426907e+00
  -4.4356850e-01   3.0515106e-01  -3.7906417e+00
   6.7180038e-01  -2.8353590e+00  -3.6352618e+00
   1.3654345e+00   3.3132576e-01   2.3563174e+00
  -9.8113216e-01  -1.4149017e+00  -1.1794485e+00
   1.1842329e+00  -1.6241925e+00   2.4211355e+00
   1.0179505e-02  -1.6138664e+00   6.3131418e-02
  -5.2837095e-01  -2.1729803e+00  -3.7886719e+00
   3.6910240e+00   2.8677486e+00  -4.7546120e+00
   5.9817481e-01   2.7373412e+00   4.2858068e-02
   1.1860593e-01   2.0025419e+00   1.8957711e-01
   5.4387238e+00   1.4342115e+00   1.1946267e+00
  -1.0431742e+00  -2.0369350e+00  -1.1485569e+00
   7.8185738e-03  -8.7731503e-01   5.5466608e-02
   1.1890729e+00  -1.9553903e+00   4.9803140e+00
   7.1009458e-01  -3.1340629e+00  -5.2447428e-01
   5.2541909e+00  -1.1534702e+00   1.7193852e+00
   5.9769049e-01   1.2542305e+00   4.3481510e-02
  -1.5021434e+00   7.8700151e-01   1.6280904e+00
   3.8466029e-01   2.7056763e-01  -3.7086765e+00
   8.4812883e-01  -3.8304055e-01  -3.5776487e+00
  -3.6661052e+00  -1.3356339e+00  -2.0393894e+00
  -2.7885169e+00   1.0424475e-02  -2.9669355e+00
   1.3627925e+00   1.6433432e+00   2.3573690e+00
   7.1237304e-01   1.6487584e+00  -5.1345619e-01
  -3.2379628e+00   4.7787332e-01   3.4404381e+00
  -9.2709763e-01   1.5561115e+00  -1.2035082e+00
  -2.9106900e+00   9.1442027e-01  -2.8689888e+00
   4.2239279e+00  -2.3673816e+00   3.3434464e+00
   5.1421925e-01   2.7632570e-02   1.2884409e-01
   2.5928390e+00  -9.5968548e-01  -5.5301543e+00
   9.3754703e-02  -2.5626117e+00   1.7401992e-01
   2.7709806e+00  -2.2126270e+00   4.4579911e+00
   2.7936040e+00  -1.8964557e+00   4.4461407e+00
   2.2101467e-01   1.0824058e+00   2.2200631e-01
   2.5768593e+00  -4.3032793e-01  -2.2636340e+00
   4.6150157e+00   1.2214758e+00  -3.7175826e+00
  -1.9060594e+00  -1.5281677e+00   6.6845484e-01
   5.1384104e-01  -3.0802772e+00   5.0410598e+00
  -8.3017387e-02   2.0284052e-01  -3.7777878e+00
  -8.0532322e-01  -1.3861212e+00   4.8955354e+00
  -6.4279747e-02   2.8037467e+00   5.0210162e+00
   2.1869982e-01   2.5537584e+00   2.2171079e-01
  -1.7177800e+00  -6.7428270e-01  -4.6417550e-01
  -3.0565203e+00  -2.9854226e+00  -2.7413861e+00
   3.0360672e+00   1.0771692e+00   4.9772948e-01
   2.5283511e+00   2.1185056e+00  -5.5652001e+00
  -3.4033914e+00   2.9625196e+00   3.2456437e+00
   1.7266214e+00  -2.7838728e+00  -3.1222332e+00
  -1.8781986e+00  -3.1212469e-01  -3.0562645e-02
  -1.2416655e+00   5.1817619e-01  -1.0235936e+00
   5.4468384e+00   1.1726800e+00   1.1669637e+00
   1.8828657e+00   1.3787366e+00   2.0822904e+00
   1.2740385e+00   9.4273385e-01   4.9661802e+00
   6.1766077e-01   1.4257462e+00   1.6135488e-02
   4.3491265e+00  -7.9263849e-01   3.2024580e+00
   7.2997893e-02   5.1259535e-01   1.5750440e-01
   5.6490705e+00  -2.4119985e+00   7.4858518e-02
   5.6544586e+00  -2.7793396e+00   5.7288470e-03
   3.0597824e+00   3.0144538e+00  -1.2173513e+00
   7.1753701e-01  -1.3519924e+00  -2.3563057e-01
   3.8180621e-01   5.9674112e-01  -1.0498409e+00
  -4.4162031e+00   2.9038434e+00   4.2498579e-01
   2.4703207e+00  -1.9743134e+00   4.6025407e+00
   1.1387036e-01  -1.9286877e+00   1.8691297e-01
  -2.9279663e+00  -9.9497943e-01   3.7550285e+00
   3.7517542e+00   2.7199777e+00  -4.6999028e+00
  -1.6840322e+00  -6.8695613e-01   1.3435497e+00
  -2.2667493e+00  -1.4249214e+00  -3.3081082e+00
  -1.6818365e+00  -2.1868810e+00   1.3476572e+00
  -3.4799610e-01  -6.4648421e-01  -1.3148582e+00
  -1.0623956e+00  -7.8714195e-01   4.8242488e+00
  -4.2477370e+00  -2.3177747e+00   1.6119492e+00
  -1.6560969e+00  -4.0815121e-01  -5.7169473e-01
   9.9713616e-01  -2.5665985e+00  -3.5210566e+00
   8.5707220e-01   7.2022242e-01   2.5025614e+00
   5.7400114e-01  -3.0726090e+00   7.1883919e-02
   5.5635320e-02   4.6030856e-01   1.4034276e-01
   3.0561613e+00   1.8204264e+00   4.2781723e-01
  -1.6475086e+00  -1.6627396e+00  -5.8534543e-01
  -1.7318286e+00  -3.2660177e-01   1.2481819e+00
  -1.7699422e+00   4.3579032e-01  -3.5641206e-01
   4.7387922e-01  -2.7557960e+00  -9.6359783e-01
  -2.9028976e-02  -2.3317619e-02   2.5084774e+00
  -4.3804743e+00   8.9419299e-01  -1.6180279e-01
  -7.3862883e-02  -1.7513391e+00  -1.2776034e+00
  -3.6145103e+00   2.1177881e+00  -2.1126706e+00
   1.7428465e+00   2.9598530e+00   2.1708058e+00
   1.3598271e+00   2.1763250e+00   2.3585456e+00
   4.1752915e-01   3.7695693e-02  -1.0188261e+00
   1.2937421e-01  -1.3893655e+00  -1.2070122e+00
  -9.8800471e-01   1.5495417e+00  -3.7449524e+00
  -1.4939109e+00  -1.6529151e+00  -7.9066641e-01
   2.0813484e+00   2.8735852e+00  -2.8344636e+00
   4.5270173e+00   7.5561609e-01  -3.8399496e+00
  -4.3736691e+00   6.2996564e-01   1.0117089e+00
  -4.0423190e+00  -2.0570866e+00  -1.3684312e+00
   3.5904306e+00  -2.5739274e+00  -4.8420225e+00
  -1.8406082e+00  -1.5377329e+00   4.5104709e+00
  -4.6232824e-01   2.2529651e+00  -3.7903691e+00
   4.3419319e+00   2.5828105e+00  -4.0776483e+00
   3.0192577e-01   1.2543360e+00   2.2196943e-01
  -1.4885379e+00   1.4148625e+00  -7.9677243e-01
   1.2876729e+00  -1.6971758e+00  -6.0642905e+00
  -2.0515790e+00   4.7785796e-01   4.3968320e+00
   2.7657054e+00   1.9517339e+00   1.1276011e+00
  -4.0871011e+00  -6.0416993e-01  -1.2644187e+00
   6.8867248e-01   3.0689544e+00   2.5275373e+00
  -7.3277587e-01  -2.5761134e+00   2.2733677e+00
  -2.7730918e-01  -1.1250607e+00  -1.3110096e+00
  -6.3715742e-01   7.1684477e-02   2.3201735e+00
   8.3759485e-02  -2.7607916e+00   1.6653013e-01
   2.6915762e+00   1.4180390e+00   1.2500186e+00
  -1.8133657e+00   3.5535025e-01   1.0484423e+00
   2.2710148e+00   1.8447371e-01  -5.6953249e+00
   2.2480003e+00   2.0733408e+00  -2.6695090e+00
   3.5354985e+00   2.2541495e+00   3.9718851e+00
   3.2388357e-01   1.8160223e+00   2.5433994e+00
   2.4014355e+00  -1.1445887e+00   1.6310124e+00
   2.0848604e+00  -3.0028942e-01   4.7548440e+00
   8.5783594e-01   1.5847951e+00  -6.1685511e+00
   3.0618757e+00  -2.4513112e+00  -1.2093707e+00
   5.3566774e+00  -2.4520610e+00  -2.2620000e+00
  -3.7980885e+00  -1.4458636e+00   2.6712903e+00
   1.7454823e+00   1.5480101e-01  -3.1087664e+00
   2.8670635e+00   2.9697543e+00  -5.3695095e+00
   1.9447901e+00   1.3220368e+00   4.8015822e+00
   3.5738649e+00  -1.1821188e+00  -4.8560467e+00
  -2.7021814e+00  -1.3103135e+00  -3.0316410e+00
  -7.5216364e-01   2.2013601e+00   2.2632153e+00
   2.7939663e+00   2.5864570e+00   1.0771377e+00
   5.6299360e+00   8.7509784e-01  -1.0638720e+00
   2.1578958e-02  -1.5370537e+00   9.0800602e-02
   6.1926215e-01  -2.5844888e+00  -7.6539301e-01
   2.6723309e+00   2.1253225e+00   1.2797306e+00
   2.6628863e+00   5.3230278e-01  -2.1328039e+00
   3.0234821e-01   2.8155502e+00   2.2191873e-01
  -3.2681227e+00  -2.7581366e+00  -2.5325249e+00
   5.5158246e+00   5.3181699e-01   9.0604140e-01
   6.8097174e-01  -1.3502057e+00  -1.0383048e-01
   1.5379543e+00   2.0592020e+00   2.2804714e+00
  -1.6765165e+00  -1.9415895e+00  -5.3804203e-01
   1.4218397e+00  -3.6109490e-01  -6.0249878e+00
  -5.2458272e-01  -6.6971526e-01  -3.7888003e+00
  -1.1917792e+00   2.0519248e+00  -1.0590679e+00
   7.2626621e-01   1.1113139e+00  -4.0844967e-01
   2.6037380e+00  -1.8371843e+00  -2.2241483e+00
   2.2000777e+00  -1.1428817e+00   4.7130259e+00
   2.8877799e+00  -2.3008334e+00   4.3952812e+00
   2.6191327e+00   1.0773331e+00   4.5339518e+00
  -7.4659778e-02   4.4605008e-01  -1.2778026e+00
   2.6213143e+00  -2.0749147e+00  -2.1976679e+00
   5.0770656e+00  -2.2138440e+00   2.1083432e+00
   7.1927616e-01  -1.5029556e-01  -2.4626436e-01
   4.1646660e+00   2.5641831e+00   3.4068354e+00
   5.6534245e+00   3.2782536e-01   1.9890446e-02
  -3.7912142e-01  -2.9346252e+00  -1.3153397e+00
   4.5239363e-01  -2.8031619e+00   1.7111518e-01
   2.7385086e+00   1.9167688e+00   1.1740859e+00
   2.7432876e+00  -3.0552080e-01   4.4723063e+00
   2.6149584e+00  -7.3735549e-01   1.3639218e+00
   5.5795480e-01   1.8198851e+00   2.5392147e+00
   3.1559092e+00  -8.5271075e-01  -1.3622479e-01
   7.2606541e-01   2.0326064e-01  -3.0664177e-01
   7.2656069e-01   1.3298783e+00  -4.0368115e-01
   4.8916385e+00   2.3340558e+00   2.4465792e+00
  -1.7549891e-01  -1.0763749e+00  -3.7843806e+00
  -1.4254119e+00   9.4321937e-01  -8.6422770e-01
   4.6241770e+00   2.9834835e+00   2.8534618e+00
   2.8887980e-01  -2.6642756e+00   2.2328366e-01
   2.2657744e+00   5.4675755e-01   1.7715868e+00
  -4.2644221e+00  -5.4106709e-01   1.5511686e+00
  -1.7426707e+00  -1.1992312e+00   1.2247348e+00
   4.8301930e-02  -1.4838745e+00   2.5204759e+00
   3.0181910e+00   1.6258764e+00  -1.3616100e+00
   5.5956324e+00   3.1115338e+00   5.0804673e-01
  -1.6305317e+00  -1.9693297e+00   4.6107679e+00
   3.8636003e-01   1.7664878e+00   2.0171940e-01
  -1.6552851e+00  -1.9113577e+00  -5.7299729e-01
  -7.5899223e-01   3.0935827e+00   2.2595846e+00
   4.6176446e+00   1.8991655e+00   2.8624705e+00
   8.1383730e-01  -4.7609762e-01   2.5100493e+00
  -8.8355832e-01   1.4379941e+00  -1.2210489e+00
   1.3831972e-01  -1.0344746e-02  -3.7526257e+00
   2.8559262e+00   1.9414431e+00   9.5757732e-01
   5.6442711e+00  -9.0158096e-01   1.2880084e-01
   5.0214771e+00  -2.6813906e+00  -3.0457060e+00
   1.4249425e+00   5.7171617e-01   4.9374272e+00
  -4.4106626e+00   2.5772862e+00   6.2129765e-01
  -3.6343102e+00  -1.9241254e+00   2.9323629e+00
   5.6529845e+00  -4.2494570e-01   2.5770584e-02
   3.5031325e-01   1.5655167e+00   2.1286130e-01
  -1.7836081e+00  -2.8953893e+00   1.1284242e+00
   1.8533473e-03   2.8043426e+00   2.7174938e-02
   2.2224304e+00   1.6567084e+00   4.7045537e+00
   3.1665894e+00   3.6958042e-01  -3.7153154e-01
  -1.1660779e+00  -1.9864734e+00   1.9832620e+00
  -5.7865010e-01  -1.2887975e-02  -1.3011515e+00
   2.8698834e+00   1.1212721e-01  -1.7482482e+00
  -1.7941324e+00   3.1054204e+00  -2.9906384e-01
   3.7764931e-01   2.2295989e+00   2.0475841e-01
   5.1907827e-01   2.9053696e+00   1.2487197e-01
   3.7737462e-01   1.1243195e+00   2.0485062e-01
   3.9547900e-01  -6.0631866e-01   2.5444016e+00
   7.2352788e-01   2.7330542e+00  -2.7836306e-01
   1.7409637e+00  -1.2890240e-01   2.1719175e+00
   5.6474216e+00  -1.6852030e+00   9.4064092e-02
  -1.4788489e+00  -6.5162759e-01   1.6583722e+00
   7.1748843e-01   1.2885398e+00  -2.3534754e-01
   1.6677236e+00   3.6793727e-01  -3.1631090e+00
   5.0805639e+00   1.6124582e+00   2.1013793e+00
  -1.5829529e+00   3.1131993e+00   1.5136268e+00
   1.6117977e-01   2.9055422e+00   2.0832497e-01
   7.0373748e-01   2.2033312e-01  -5.5191468e-01
   4.4908244e-01   2.9145820e+00   1.7298443e-01
  -3.7414970e+00  -2.4150938e+00   2.7659285e+00
   2.2251714e+00  -2.8183335e+00   1.8101144e+00
  -3.6872722e+00  -1.2293118e+00  -2.0083309e+00
  -4.3931846e+00   5.0386015e-01  -5.2029234e-02
   1.5612425e+00   1.9455539e-01  -3.2326791e+00
  -1.7207385e+00   2.5208648e+00  -3.5557156e+00
   5.1821384e+00   2.5478584e-01   1.8874212e+00
  -3.4549154e+00  -4.2737843e-01  -2.3201571e+00
   5.0952622e+00   2.6808459e-01   2.0718466e+00
   2.5633372e+00   1.3346416e+00   1.4346378e+00
   7.0732806e-01  -3.0368223e+00  -5.3693842e-01
   3.7558289e-01   1.8907417e+00   2.0544664e-01
  -4.3758793e+00  -2.2461802e+00   9.9563452e-01
  -1.9199274e+00  -1.3524888e-01   2.4211515e-01
  -3.7917910e+00  -1.5278485e+00  -1.8454842e+00
  -3.0067318e+00  -8.2252118e-01  -2.7863361e+00
   2.9476429e+00   1.0163989e+00  -1.5635930e+00
  -4.3672343e+00  -2.0759090e+00   1.0562489e+00
   3.1627673e+00  -1.3899410e+00  -2.3945073e-01
   3.0118739e+00  -1.8961284e+00   5.7457714e-01
   3.1262072e+00  -1.9159221e+00   1.0619357e-01
   4.9666244e+00  -1.0879986e+00  -3.1492410e+00
  -4.0986102e-01   2.3897333e+00   2.4113445e+00
   7.0951273e-01  -1.8157234e-01  -1.9584076e-01
  -8.9603481e-01  -6.0337823e-01  -1.2161874e+00
  -4.1830552e+00  -2.0154481e+00  -1.0106240e+00
   3.0492726e+00   2.9463426e+00   4.3021422e+00
   2.7549976e+00  -5.8147275e-01  -5.4374911e+00
  -3.1910790e-01   2.1644781e+00  -1.3137505e+00
  -2.7871868e+00   7.2460896e-01   3.8800685e+00
   9.0695439e-01  -7.7527546e-01  -3.5561957e+00
   1.1734138e-01   2.3699028e+00   2.5290988e+00
   3.1649048e+00   1.7897806e+00  -5.0332754e-01
   3.1069379e+00  -2.2019873e-01   2.1291042e-01
  -2.9554823e+00   1.9727752e+00  -2.8310874e+00
  -3.6141982e+00   2.5034983e+00   2.9619315e+00
  -1.8963365e+00  -4.4460735e-01   5.8207395e-02
   5.5556909e-01  -1.0409390e+00   9.1468440e-02
   2.0584934e+00   6.0725167e-01   4.7639827e+00
  -3.9860381e-01   2.5257827e+00   2.4151753e+00
  -1.8426251e+00   1.2696209e+00   4.5094473e+00
   3.5887001e-01  -7.6997230e-01  -1.0683455e+00
   6.7972135e-01   1.4762716e+00  -1.0067666e-01
   5.6686182e+00   2.8532120e+00  -4.6031888e-01
   5.1307038e+00   2.6900272e-01   1.9987374e+00
   2.0468786e-02   2.5199238e-01  -6.2818486e+00
   4.5965343e+00  -1.1868331e+00   2.8913197e+00
   1.2684033e-01  -2.6940126e+00   1.9390789e-01
   2.6134228e+00  -1.9981757e+00  -2.2096238e+00
   2.3465769e-01  -2.5573260e+00  -6.2638135e+00
   3.1628778e+00  -2.2940382e-01  -5.5242802e-01
   5.0201898e+00  -3.0829548e+00   2.2182550e+00
   3.9381948e-01   2.6076847e+00   1.9893836e-01
   1.2068106e+00   8.9687280e-01  -6.0863991e+00
   5.4324809e+00  -3.1326764e+00  -2.0248651e+00
   1.8874121e+00  -2.9506764e+00  -3.0012038e+00
   1.2858925e+00  -1.8317356e+00   2.3865798e+00
  -1.7585850e+00  -2.8295606e-01   1.1888667e+00
  -4.2906218e+00  -2.3419566e+00   1.4482138e+00
   1.8263487e-02  -3.0872576e+00   8.3834141e-02
  -9.3137266e-01   1.4267832e+00   2.1578706e+00
   5.4332115e+00  -9.1661328e-01  -2.0223959e+00
   2.5584250e+00   1.7620938e+00  -2.2900429e+00
   2.7305262e+00  -3.9799806e-01   1.1873695e+00
   3.1152222e+00  -3.9863806e-01   1.6960944e-01
  -1.9220793e+00  -2.8323771e+00   2.7266165e-01
   4.1685175e+00  -2.8297462e+00  -4.2796712e+00
   1.7220132e+00  -2.5691934e+00  -5.9248743e+00
   3.1538566e+00   5.9085209e-01  -6.8227936e-01
   7.2429799e-01  -1.6268169e+00  -6.1944244e+00
   2.2023769e+00   2.1448853e+00   1.8310908e+00
   1.0647001e+00   2.2444340e+00   2.4560485e+00
  -2.7609187e-01   2.9129614e+00  -1.3109094e+00
   1.2851124e-01  -6.9744701e-02  -1.2074024e+00
   2.5748485e+00  -1.7573435e+00   4.5549570e+00
  -4.1717411e+00  -1.7202818e+00   1.8550577e+00
   2.9717192e+00   2.3114459e-01  -1.4992441e+00
   2.2976920e+00   1.6468839e+00   4.6751560e+00
   3.1604167e+00  -9.5776384e-01  -5.9642361e-01
   2.3755779e+00  -2.4358804e-01  -2.5266972e+00
  -2.7762676e-01   8.7539702e-01  -1.3110355e+00
   7.0229089e-01   2.6221997e+00  -3.6260015e+00
   7.0213325e-01  -2.1264022e+00  -5.5824000e-01
   2.3998375e-01   1.3548772e+00   2.2377927e-01
  -4.1466139e+00   4.8844776e-01  -1.1128565e+00
  -5.1255539e-01  -4.1909489e-01  -3.7891829e+00
  -4.1938622e-01   2.4142686e+00  -1.3148759e+00
   2.5140633e-01  -6.7197564e-01   2.5403221e+00
  -1.7917153e+00  -2.0170586e+00  -3.5290454e+00
   2.2531429e+00   8.3775959e-01  -2.6640516e+00
   7.2755285e-01   7.7911846e-01  -3.3650266e-01
   4.9452885e-01  -1.0810748e+00  -9.4108041e-01
   9.8577169e-05   1.9035872e+00   6.2787554e-03
   7.3945579e-01   3.1383119e+00   2.5211893e+00
   3.0191811e+00   3.0220749e+00   5.5210224e-01
   5.9209477e-01  -2.3433960e+00  -8.1142778e-01
  -3.6341780e+00  -1.6823848e+00  -2.0851292e+00
   3.1278288e-02  -2.9931055e+00   1.0816540e-01
   7.1631539e-01   6.7501900e-01  -2.2871314e-01
   4.0866289e+00  -2.4453572e+00  -4.3690195e+00
   2.2702160e+00  -5.8144906e-01  -5.6957054e+00
   9.0660990e-02   2.4132257e+00   1.7178606e-01
   3.0888319e+00   3.0242716e-01   2.9776568e-01
   4.5175803e+00  -8.2307794e-01   2.9958035e+00
  -9.5182434e-01  -1.8325162e+00  -1.1928186e+00
   2.6874541e+00  -3.7106434e-01   4.5005370e+00
   1.0830774e+00   2.8663650e+00   4.9958900e+00
  -1.7371201e+00  -2.3623148e+00  -3.5496984e+00
   4.9431922e-04  -1.8369994e-01   1.4054326e-02
  -7.4710884e-01   2.2424458e+00   2.2658844e+00
   5.6689464e+00  -2.8689623e+00  -3.9294421e-01
  -4.0727881e+00   1.2040163e+00  -1.2985004e+00
  -7.7724673e-01   3.0095544e+00   2.2497367e+00
  -1.9104180e+00  -1.3617680e+00  -3.4809009e+00
  -9.6072980e-01  -2.3010250e+00  -1.1888370e+00
   1.5585578e+00   1.1641466e+00  -3.2343639e+00
   1.7461449e+00   2.5726788e+00  -5.9160744e+00
   3.7561350e+00   6.9661036e-01   3.7938463e+00
  -1.7210486e+00   2.5131660e+00  -4.5794310e-01
  -4.1262408e+00  -1.9262125e+00  -1.1666830e+00
  -1.3756601e+00   1.5985968e+00   1.7806718e+00
   1.2644769e+00  -9.6597241e-01  -6.0707530e+00
   5.1109449e-01  -5.1129160e-01   1.3134404e-01
  -1.1174103e+00  -2.1631761e+00  -1.1067236e+00
   9.0379662e-01   2.0043398e+00   5.0170844e+00
   5.1464645e-01   7.8491767e-01   1.2849903e-01
   2.9437262e+00   1.4989193e+00  -1.5736901e+00
   4.9225980e-02   1.9170779e+00   5.0302217e+00
  -3.8053812e+00  -2.7192202e+00   2.6587129e+00
   7.0619102e-01   2.8323991e+00  -5.4181446e-01
   1.5427179e+00  -1.5224089e-02   2.2781709e+00
  -1.5473702e+00   1.6031290e+00   1.5659722e+00
   2.8366193e+00   1.5230760e+00   9.9627505e-01
   7.2552430e-01   2.0805485e+00  -3.6187507e+00
   6.8904082e-01  -2.1582625e+00  -6.0374358e-01
   5.6684305e+00  -2.6823722e-01  -4.7574697e-01
  -2.3742606e+00   7.4204730e-01  -3.2470084e+00
   5.6289029e-01   2.7154881e+00  -8.5514854e-01
   1.8143059e+00   2.1054215e+00  -3.0580135e+00
   5.1463860e+00   2.4845192e+00  -2.7889729e+00
  -1.2907571e+00   5.1847918e-01   4.7480553e+00
  -4.1998721e+00   5.1991352e-01  -9.6047792e-01
   2.5265293e+00   2.2300654e+00   1.4824626e+00
  -1.3280371e+00  -2.9225250e+00  -9.5477356e-01
   1.6603689e+00   2.4216659e+00  -3.1680906e+00
  -1.0837112e+00  -5.7974441e-01  -1.1263945e+00
  -1.9147255e+00  -2.9129976e+00   5.9899032e-01
   5.6405531e+00   1.5465931e+00  -9.6638755e-01
   5.4127786e+00  -2.1687748e+00   1.2797225e+00
  -4.2380206e-01  -2.2373900e+00   4.9745325e+00
   5.3454884e+00   6.6576037e-01  -2.2942634e+00
   3.6665253e-01  -1.5426424e+00  -1.0621831e+00
   3.1291474e+00  -1.1048717e+00  -8.8469466e-01
  -1.6214979e+00  -6.1706586e-01  -3.5904204e+00
   5.6151250e+00  -5.8827377e-01  -1.1796195e+00
  -3.5212821e+00  -7.1508217e-01  -2.2371375e+00
  -4.1313207e-01   6.8990521e-01   2.4102198e+00
  -3.7612838e+00  -2.0929873e+00   2.7334171e+00
   1.4049560e+00  -1.9597753e+00   4.9415056e+00
  -2.0429467e-02  -2.5470219e+00  -3.7720223e+00
   5.1929065e-01  -1.1109534e+00   1.2469598e-01
   5.4416042e+00   1.6939275e+00  -1.9937356e+00
   2.5119918e-01  -1.6705859e+00   2.2429811e-01
   3.0174823e+00   1.5102608e+00  -1.3638696e+00
   7.1426858e-01   1.2115138e+00  -2.1793699e-01
  -7.3298575e-01   2.0362435e+00   2.2732590e+00
   1.0225115e+00   2.0607437e+00   5.0037717e+00
  -9.7939643e-01  -1.2983076e+00  -1.1802618e+00
   5.3914647e+00  -1.1977684e+00   1.3462030e+00
  -4.3896283e+00   1.4470049e-01   8.8367850e-01
  -7.9961878e-01  -1.0976788e+00   2.2373813e+00
  -1.0869941e+00   2.0850280e+00  -1.1245288e+00
  -1.1726123e+00   1.9496397e+00  -1.0719299e+00
  -2.3724341e+00   3.5813064e-01   4.1965497e+00
   2.2104939e-01  -1.4893409e+00   2.2201061e-01
  -4.1913388e+00   1.1345309e+00  -9.8617955e-01
  -1.2205203e+00  -1.6735066e+00  -3.7012771e+00
  -3.4856210e+00  -2.7378751e-01   3.1402486e+00
   2.1473507e+00  -7.2528759e-01  -5.7525562e+00
  -6.0306324e-01   2.4253999e-01   2.3355989e+00
  -1.3257748e+00   3.0894656e+00  -9.5670516e-01
   5.1716200e+00   1.6035971e+00   1.9107234e+00
   4.8424640e-01   3.0187869e+00   5.0416481e+00
   2.3735969e+00  -1.6664098e+00   1.6614566e+00
   5.6577881e-01   1.7944205e-01   8.0869663e-02
   1.8870658e+00  -2.8184104e+00  -3.0014802e+00
   2.3181565e-01   1.6139962e+00  -1.1543143e+00
   2.9352939e+00   6.4075777e-01  -1.5951031e+00
  -1.4478618e+00   2.2441572e+00   1.6970262e+00
  -1.9247542e+00   3.0679357e+00   4.5517543e-01
  -4.1692930e+00   2.6985305e+00   1.8621619e+00
   3.1417395e+00  -5.6853444e-01  -7.9472399e-01
  -7.2738708e-01  -3.1394472e+00   4.9142274e+00
  -9.0596773e-02   2.5684608e-01  -1.2816668e+00
  -4.0111781e+00  -1.8363827e+00  -1.4365675e+00
   2.4211138e-01  -1.7637932e+00   2.2390745e-01
   9.2696433e-02  -1.0944915e+00   5.0330609e+00
  -4.0242533e+00  -2.5387247e+00  -1.4083451e+00
   4.4580700e+00   1.5552999e+00  -3.9314308e+00
   5.7022637e-01   1.5614278e+00   7.6060855e-02
   5.6578179e+00   2.7205836e-01  -7.5436468e-01
   3.1650502e+00  -1.0170447e+00  -4.9890158e-01
  -8.9623673e-01   2.0881140e+00  -3.7581647e+00
  -1.9229886e+00   3.3032074e-01   4.9603270e-01
   4.5674239e-01   2.8748282e+00   1.6860321e-01
   3.8154553e+00   2.4682445e+00   3.7425506e+00
   6.9488012e-01  -9.0161436e-01  -5.8460916e-01
  -1.0409553e+00   2.9155169e-01   2.0821164e+00
  -1.3472668e+00  -9.6332697e-01  -3.6711946e+00
   2.4096664e-01   7.7159269e-01  -6.2631697e+00
   3.1306781e+00   1.8637479e+00  -8.7467356e-01
   9.2418841e-01   1.5448776e+00  -6.1545628e+00
  -5.7623033e-01  -2.3528252e+00  -1.3015017e+00
  -7.8346522e-02   2.0256613e+00   2.4995128e+00
  -4.3703144e+00  -2.9835674e+00  -2.3578350e-01
   3.4509668e-01  -5.3765920e-01   2.1416348e-01
  -3.4415194e+00   1.4539760e+00   3.1975450e+00
   8.3203933e-01   1.7679250e+00   2.5069880e+00
   9.0146328e-01  -8.3386719e-01   5.0173178e+00
